('all', (132, 93), (132, 113)):
	(1, 0, 0, 0, 0, 0, 0, 1, 0, 0, 0)
	(1, 0, 0, 0, 0, 0, 0, 1, 1, 0, 0)
	(1, 0, 0, 0, 0, 0, 0, 1, 0, 0, 0)
	(1, 0, 0, 0, 0, 0, 0, 1, 1, 0, 0)
	(1, 0, 0, 0, 0, 0, 0, 1, 0, 0, 0)
	(1, 0, 0, 0, 0, 0, 0, 1, 1, 0, 0)
	(1, 0, 0, 0, 0, 0, 0, 1, 1, 0, 0)
	(1, 0, 0, 0, 0, 0, 0, 1, 1, 0, 0)
	(1, 0, 0, 0, 0, 0, 0, 1, 1, 0, 0)
	(1, 0, 0, 0, 0, 0, 0, 1, 1, 0, 0)
	(1, 0, 0, 0, 0, 0, 0, 1, 1, 0, 0)
	(1, 0, 0, 0, 0, 0, 0, 1, 1, 0, 0)
	(1, 0, 0, 0, 0, 0, 0, 1, 1, 0, 0)
	(1, 0, 0, 0, 0, 0, 0, 1, 1, 0, 0)
	(1, 0, 0, 0, 0, 0, 0, 1, 1, 0, 0)
	(1, 0, 0, 0, 0, 0, 0, 1, 0, 0, 0)
	(1, 0, 0, 0, 0, 0, 0, 1, 0, 0, 0)
	(1, 0, 0, 0, 0, 0, 0, 1, 1, 0, 0)
	(0, 0, 0, 0, 0, 0, 0, 1, 1, 0, 0)
	(0, 0, 0, 0, 0, 0, 1, 0, 1, 0, 0)
	(0, 1, 0, 0, 0, 0, 1, 0, 1, 0, 0)
