('all', (304, 2), (304, 22)):
	(0, 0, 0, 0, 0, 1, 0, 0, 0, 0, 0)
	(0, 0, 0, 0, 0, 0, 1, 0, 0, 0, 0)
	(0, 0, 0, 0, 0, 1, 0, 0, 0, 0, 0)
	(0, 0, 0, 0, 0, 1, 0, 0, 0, 0, 0)
	(1, 0, 0, 0, 0, 1, 0, 0, 0, 0, 0)
	(0, 0, 0, 0, 0, 1, 0, 0, 0, 0, 0)
	(0, 0, 0, 0, 0, 1, 0, 0, 0, 0, 0)
	(0, 0, 0, 0, 0, 1, 0, 0, 0, 1, 0)
	(0, 0, 0, 0, 0, 1, 0, 0, 0, 1, 0)
	(0, 0, 0, 0, 0, 1, 0, 0, 0, 1, 0)
	(0, 0, 1, 0, 0, 1, 0, 0, 0, 1, 0)
	(0, 0, 0, 0, 0, 1, 0, 0, 0, 1, 0)
	(0, 0, 0, 1, 0, 0, 1, 0, 0, 1, 0)
	(0, 0, 0, 0, 0, 0, 1, 0, 0, 1, 0)
	(0, 0, 0, 0, 0, 0, 1, 0, 0, 1, 0)
	(0, 0, 0, 0, 0, 1, 0, 0, 0, 1, 0)
	(0, 0, 0, 0, 1, 0, 0, 0, 0, 1, 0)
	(1, 0, 0, 0, 1, 0, 0, 0, 0, 1, 0)
	(1, 0, 0, 0, 1, 0, 0, 0, 0, 1, 0)
	(1, 0, 0, 0, 1, 0, 0, 0, 0, 1, 0)
	(0, 0, 0, 0, 1, 0, 0, 0, 0, 0, 1)
('all', (290, 9), (290, 29)):
	(0, 0, 1, 0, 0, 1, 0, 0, 0, 1, 0)
	(0, 0, 0, 0, 0, 1, 0, 0, 0, 1, 0)
	(0, 0, 0, 0, 0, 0, 1, 0, 0, 1, 0)
	(0, 0, 0, 1, 0, 0, 0, 1, 0, 1, 0)
	(0, 0, 0, 0, 0, 0, 1, 0, 0, 1, 0)
	(0, 0, 0, 0, 0, 0, 1, 0, 0, 1, 0)
	(0, 1, 0, 0, 0, 1, 0, 0, 0, 1, 0)
	(0, 0, 0, 0, 0, 1, 0, 0, 0, 1, 0)
	(0, 0, 0, 0, 1, 0, 0, 0, 0, 1, 0)
	(0, 0, 0, 0, 1, 0, 0, 0, 0, 1, 0)
	(0, 0, 0, 0, 1, 0, 0, 0, 0, 1, 0)
	(0, 0, 0, 0, 1, 0, 0, 0, 0, 1, 0)
	(0, 0, 0, 0, 1, 0, 0, 0, 0, 1, 0)
	(1, 0, 0, 0, 1, 0, 0, 0, 0, 1, 0)
	(1, 0, 0, 0, 1, 0, 0, 0, 0, 1, 0)
	(1, 0, 0, 0, 1, 0, 0, 0, 0, 1, 0)
	(1, 0, 0, 0, 1, 0, 0, 0, 0, 1, 0)
	(1, 0, 0, 0, 1, 0, 0, 0, 0, 1, 0)
	(0, 0, 0, 0, 1, 0, 0, 0, 0, 1, 0)
	(0, 0, 0, 0, 0, 1, 0, 0, 0, 1, 0)
	(0, 0, 1, 0, 0, 1, 0, 0, 0, 0, 1)
('all', (145, 72), (145, 92)):
	(0, 0, 0, 0, 0, 1, 0, 0, 0, 0, 0)
	(0, 0, 0, 0, 0, 1, 0, 0, 1, 0, 0)
	(0, 0, 0, 0, 0, 1, 0, 0, 1, 0, 0)
	(0, 0, 0, 0, 0, 1, 0, 0, 1, 0, 0)
	(0, 0, 0, 0, 0, 1, 0, 0, 1, 0, 0)
	(0, 0, 0, 0, 0, 1, 0, 0, 1, 0, 0)
	(0, 0, 0, 0, 0, 1, 0, 0, 1, 0, 0)
	(0, 0, 0, 0, 0, 1, 0, 0, 1, 0, 0)
	(0, 0, 0, 0, 0, 1, 0, 0, 1, 0, 0)
	(0, 0, 0, 0, 0, 1, 0, 0, 1, 0, 0)
	(0, 0, 0, 0, 0, 1, 0, 0, 1, 0, 0)
	(0, 0, 0, 0, 0, 1, 0, 0, 1, 0, 0)
	(0, 0, 0, 0, 0, 1, 0, 0, 1, 0, 0)
	(0, 0, 0, 0, 0, 1, 0, 0, 1, 0, 0)
	(0, 0, 0, 0, 0, 1, 0, 0, 1, 0, 0)
	(0, 0, 0, 0, 0, 1, 0, 0, 1, 0, 0)
	(0, 0, 0, 0, 0, 1, 0, 0, 1, 0, 0)
	(0, 0, 0, 0, 0, 1, 0, 0, 1, 0, 0)
	(0, 0, 1, 0, 0, 1, 0, 0, 0, 0, 0)
	(0, 0, 1, 0, 0, 1, 0, 0, 0, 0, 0)
	(0, 0, 1, 0, 0, 0, 1, 0, 0, 0, 1)
('all', (388, 12), (388, 32)):
	(0, 0, 0, 0, 0, 1, 0, 0, 0, 0, 0)
	(0, 0, 0, 0, 0, 1, 0, 0, 0, 0, 0)
	(0, 0, 0, 0, 0, 1, 0, 0, 0, 1, 0)
	(0, 0, 0, 0, 0, 1, 0, 0, 0, 1, 0)
	(0, 0, 0, 0, 0, 1, 0, 0, 0, 1, 0)
	(0, 0, 0, 0, 0, 1, 0, 0, 0, 1, 0)
	(0, 0, 0, 0, 0, 1, 0, 0, 0, 1, 0)
	(0, 0, 0, 0, 0, 1, 0, 0, 0, 1, 0)
	(0, 0, 0, 0, 0, 1, 0, 0, 0, 1, 0)
	(0, 0, 0, 0, 0, 1, 0, 0, 0, 1, 0)
	(0, 0, 0, 0, 0, 1, 0, 0, 0, 1, 0)
	(0, 0, 0, 0, 0, 1, 0, 0, 0, 1, 0)
	(0, 0, 0, 0, 0, 1, 0, 0, 0, 0, 0)
	(0, 0, 0, 0, 0, 1, 0, 0, 0, 0, 0)
	(0, 0, 0, 0, 0, 1, 0, 0, 1, 0, 0)
	(0, 0, 0, 0, 0, 1, 0, 0, 1, 0, 0)
	(0, 0, 0, 0, 0, 0, 1, 0, 1, 0, 0)
	(1, 0, 0, 0, 0, 0, 1, 0, 0, 0, 0)
	(1, 0, 1, 1, 0, 0, 1, 0, 0, 1, 0)
	(1, 0, 0, 1, 0, 0, 1, 0, 0, 1, 0)
	(1, 0, 0, 0, 0, 0, 1, 0, 0, 0, 1)
