('all', (42, 14), (42, 95)):
	(0, 0, 0, 1, 0, 0, 0, 1, 0, 0, 0)
	(0, 0, 0, 0, 0, 0, 0, 1, 0, 0, 0)
	(0, 0, 0, 0, 0, 0, 0, 1, 0, 0, 0)
	(0, 0, 0, 0, 0, 0, 0, 1, 0, 0, 0)
	(0, 0, 0, 0, 0, 0, 0, 1, 0, 0, 0)
	(0, 0, 0, 0, 0, 0, 0, 1, 1, 0, 0)
	(0, 0, 0, 0, 0, 0, 0, 1, 0, 0, 0)
	(0, 0, 0, 0, 0, 0, 0, 1, 0, 0, 0)
	(0, 0, 0, 0, 0, 0, 0, 1, 1, 0, 0)
	(0, 0, 0, 0, 0, 0, 0, 1, 0, 0, 0)
	(0, 0, 0, 0, 0, 0, 0, 1, 1, 0, 0)
	(0, 0, 0, 0, 0, 0, 0, 1, 0, 0, 0)
	(0, 0, 0, 0, 0, 0, 0, 1, 0, 0, 0)
	(0, 0, 0, 0, 0, 0, 0, 1, 0, 0, 0)
	(0, 0, 0, 0, 0, 0, 0, 1, 0, 1, 0)
	(0, 0, 0, 0, 0, 0, 1, 0, 0, 1, 0)
	(0, 0, 0, 0, 0, 0, 1, 0, 0, 1, 0)
	(0, 0, 0, 0, 0, 1, 0, 0, 0, 1, 0)
	(0, 0, 0, 0, 0, 1, 0, 0, 0, 1, 0)
	(0, 0, 0, 0, 0, 1, 0, 0, 0, 1, 0)
	(0, 0, 0, 0, 1, 0, 0, 0, 0, 1, 0)
	(0, 0, 0, 0, 1, 0, 0, 0, 0, 1, 0)
	(0, 0, 0, 0, 1, 0, 0, 0, 0, 1, 0)
	(0, 0, 0, 0, 1, 0, 0, 0, 0, 1, 0)
	(0, 0, 0, 0, 1, 0, 0, 0, 0, 1, 0)
	(0, 0, 0, 0, 1, 0, 0, 0, 0, 1, 0)
	(0, 0, 0, 0, 1, 0, 0, 0, 0, 1, 0)
	(0, 0, 0, 0, 1, 0, 0, 0, 0, 1, 0)
	(0, 0, 1, 0, 1, 0, 0, 0, 0, 1, 0)
	(0, 0, 1, 0, 1, 0, 0, 0, 0, 1, 0)
	(0, 0, 1, 0, 1, 0, 0, 0, 0, 0, 0)
	(0, 0, 1, 0, 1, 0, 0, 0, 0, 0, 0)
	(0, 0, 0, 0, 1, 0, 0, 0, 0, 0, 0)
	(0, 0, 0, 0, 1, 0, 0, 0, 0, 0, 0)
	(0, 0, 0, 0, 1, 0, 0, 0, 0, 0, 0)
	(0, 0, 0, 0, 1, 0, 0, 0, 0, 0, 0)
	(0, 0, 0, 0, 1, 0, 0, 0, 0, 0, 0)
	(0, 0, 0, 0, 1, 0, 0, 0, 0, 0, 0)
	(0, 0, 0, 0, 1, 0, 0, 0, 1, 0, 0)
	(0, 0, 0, 0, 1, 0, 0, 0, 0, 0, 0)
	(0, 0, 0, 0, 1, 0, 0, 0, 0, 0, 0)
	(0, 0, 0, 0, 1, 0, 0, 0, 1, 0, 0)
	(0, 0, 0, 0, 1, 0, 0, 0, 1, 0, 0)
	(0, 0, 0, 0, 1, 0, 0, 0, 1, 0, 0)
	(0, 0, 0, 0, 1, 0, 0, 0, 1, 0, 0)
	(0, 0, 1, 0, 1, 0, 0, 0, 1, 0, 0)
	(0, 0, 1, 0, 1, 0, 0, 0, 1, 0, 0)
	(0, 0, 1, 0, 1, 0, 0, 0, 1, 0, 0)
	(0, 0, 1, 0, 1, 0, 0, 0, 1, 0, 0)
	(0, 0, 1, 0, 1, 0, 0, 0, 1, 0, 0)
	(0, 0, 1, 0, 1, 0, 0, 0, 1, 0, 0)
	(0, 0, 0, 0, 1, 0, 0, 0, 1, 0, 0)
	(0, 0, 0, 0, 1, 0, 0, 0, 1, 0, 0)
	(0, 0, 0, 0, 1, 0, 0, 0, 1, 0, 0)
	(0, 0, 0, 0, 1, 0, 0, 0, 1, 0, 0)
	(0, 0, 0, 0, 1, 0, 0, 0, 1, 0, 0)
	(0, 0, 0, 0, 1, 0, 0, 0, 1, 0, 0)
	(0, 0, 0, 0, 1, 0, 0, 0, 1, 0, 0)
	(0, 0, 0, 0, 1, 0, 0, 0, 1, 0, 0)
	(0, 0, 0, 0, 1, 0, 0, 0, 1, 0, 0)
	(0, 0, 0, 0, 1, 0, 0, 0, 1, 0, 0)
	(0, 0, 0, 0, 1, 0, 0, 0, 1, 0, 0)
	(0, 0, 0, 0, 1, 0, 0, 0, 1, 0, 0)
	(0, 0, 0, 0, 1, 0, 0, 0, 1, 0, 0)
	(0, 0, 0, 0, 1, 0, 0, 0, 1, 0, 0)
	(0, 0, 0, 0, 1, 0, 0, 0, 1, 0, 0)
	(0, 0, 0, 0, 1, 0, 0, 0, 1, 0, 0)
	(0, 0, 0, 0, 1, 0, 0, 0, 0, 0, 0)
	(0, 0, 0, 0, 1, 0, 0, 0, 0, 0, 0)
	(0, 0, 0, 0, 1, 0, 0, 0, 0, 1, 0)
	(0, 0, 0, 0, 0, 1, 0, 0, 0, 1, 0)
	(0, 0, 0, 0, 0, 1, 0, 0, 0, 1, 0)
	(0, 0, 0, 0, 0, 1, 0, 0, 0, 0, 0)
	(0, 0, 0, 0, 0, 0, 1, 0, 0, 0, 0)
	(0, 0, 0, 0, 0, 0, 1, 0, 0, 0, 0)
	(0, 0, 0, 0, 0, 0, 1, 0, 0, 0, 0)
	(0, 0, 0, 0, 0, 0, 1, 0, 0, 0, 0)
	(0, 0, 0, 0, 0, 0, 1, 0, 0, 0, 0)
	(0, 0, 0, 0, 0, 0, 1, 0, 0, 0, 0)
	(0, 0, 0, 0, 0, 0, 1, 0, 0, 1, 0)
	(0, 0, 0, 0, 0, 0, 1, 0, 0, 0, 0)
	(0, 0, 0, 0, 0, 0, 0, 1, 0, 0, 0)
('all', (190, 36), (190, 146)):
	(0, 0, 0, 1, 0, 0, 1, 0, 1, 0, 0)
	(0, 0, 0, 0, 0, 0, 1, 0, 1, 0, 0)
	(0, 0, 0, 0, 0, 0, 1, 0, 1, 0, 0)
	(0, 0, 0, 0, 0, 0, 1, 0, 1, 0, 0)
	(0, 0, 0, 0, 0, 0, 1, 0, 1, 0, 0)
	(0, 0, 0, 0, 0, 0, 1, 0, 1, 0, 0)
	(0, 0, 0, 0, 0, 0, 1, 0, 1, 0, 0)
	(0, 0, 0, 0, 0, 0, 1, 0, 1, 0, 0)
	(0, 0, 0, 0, 0, 0, 1, 0, 1, 0, 0)
	(0, 0, 0, 0, 0, 0, 1, 0, 1, 0, 0)
	(0, 0, 0, 0, 0, 0, 1, 0, 1, 0, 0)
	(0, 0, 0, 0, 0, 0, 1, 0, 1, 0, 0)
	(0, 0, 0, 0, 0, 0, 1, 0, 1, 0, 0)
	(0, 0, 0, 0, 0, 0, 1, 0, 1, 0, 0)
	(0, 0, 0, 0, 0, 0, 1, 0, 1, 0, 0)
	(0, 0, 0, 0, 0, 0, 1, 0, 1, 0, 0)
	(0, 0, 0, 0, 0, 0, 1, 0, 1, 0, 0)
	(0, 0, 0, 0, 0, 0, 1, 0, 1, 0, 0)
	(0, 0, 0, 0, 0, 0, 1, 0, 1, 0, 0)
	(0, 0, 0, 0, 0, 0, 1, 0, 1, 0, 0)
	(0, 0, 0, 0, 0, 0, 1, 0, 1, 0, 0)
	(0, 0, 0, 0, 0, 0, 1, 0, 1, 0, 0)
	(0, 0, 0, 0, 0, 0, 1, 0, 1, 0, 0)
	(0, 0, 0, 0, 0, 0, 1, 0, 1, 0, 0)
	(0, 0, 0, 0, 0, 1, 0, 0, 1, 0, 0)
	(0, 0, 0, 0, 0, 1, 0, 0, 1, 0, 0)
	(0, 0, 0, 0, 0, 1, 0, 0, 1, 0, 0)
	(0, 0, 0, 0, 1, 0, 0, 0, 1, 0, 0)
	(0, 0, 0, 0, 1, 0, 0, 0, 1, 0, 0)
	(0, 0, 0, 0, 1, 0, 0, 0, 1, 0, 0)
	(0, 0, 0, 0, 1, 0, 0, 0, 0, 0, 0)
	(0, 0, 0, 0, 1, 0, 0, 0, 0, 0, 0)
	(0, 0, 0, 0, 1, 0, 0, 0, 0, 0, 0)
	(0, 0, 0, 0, 1, 0, 0, 0, 0, 0, 0)
	(0, 0, 0, 0, 1, 0, 0, 0, 0, 0, 0)
	(0, 0, 0, 0, 1, 0, 0, 0, 0, 0, 0)
	(0, 0, 0, 0, 1, 0, 0, 0, 0, 0, 0)
	(0, 0, 0, 0, 1, 0, 0, 0, 0, 0, 0)
	(0, 0, 0, 0, 1, 0, 0, 0, 0, 0, 0)
	(0, 0, 0, 0, 1, 0, 0, 0, 0, 0, 0)
	(0, 0, 0, 0, 1, 0, 0, 0, 0, 0, 0)
	(0, 0, 0, 0, 1, 0, 0, 0, 0, 0, 0)
	(0, 0, 0, 0, 1, 0, 0, 0, 0, 0, 0)
	(0, 0, 0, 0, 1, 0, 0, 0, 0, 0, 0)
	(0, 0, 0, 0, 1, 0, 0, 0, 0, 0, 0)
	(0, 0, 0, 0, 1, 0, 0, 0, 0, 0, 0)
	(0, 0, 0, 0, 1, 0, 0, 0, 0, 0, 0)
	(0, 0, 0, 0, 1, 0, 0, 0, 0, 0, 0)
	(0, 0, 0, 0, 1, 0, 0, 0, 0, 0, 0)
	(0, 0, 0, 0, 1, 0, 0, 0, 0, 0, 0)
	(0, 0, 0, 0, 1, 0, 0, 0, 0, 0, 0)
	(0, 0, 0, 0, 1, 0, 0, 0, 0, 0, 0)
	(0, 0, 0, 0, 1, 0, 0, 0, 0, 0, 0)
	(0, 0, 1, 0, 1, 0, 0, 0, 0, 0, 0)
	(0, 0, 1, 0, 1, 0, 0, 0, 0, 0, 0)
	(0, 0, 1, 0, 1, 0, 0, 0, 0, 0, 0)
	(0, 0, 1, 0, 1, 0, 0, 0, 0, 0, 0)
	(0, 0, 0, 0, 1, 0, 0, 0, 0, 0, 0)
	(0, 0, 0, 0, 1, 0, 0, 0, 0, 0, 0)
	(0, 0, 0, 0, 1, 0, 0, 0, 0, 0, 0)
	(0, 0, 0, 0, 1, 0, 0, 0, 0, 0, 0)
	(0, 0, 0, 0, 1, 0, 0, 0, 0, 0, 0)
	(0, 0, 0, 0, 1, 0, 0, 0, 0, 0, 0)
	(0, 0, 0, 0, 1, 0, 0, 0, 0, 0, 0)
	(0, 0, 0, 0, 1, 0, 0, 0, 0, 0, 0)
	(0, 0, 0, 0, 1, 0, 0, 0, 0, 0, 0)
	(0, 0, 0, 0, 1, 0, 0, 0, 0, 0, 0)
	(0, 0, 0, 0, 1, 0, 0, 0, 0, 0, 0)
	(0, 0, 0, 0, 1, 0, 0, 0, 0, 0, 0)
	(0, 0, 0, 0, 1, 0, 0, 0, 0, 0, 0)
	(0, 0, 0, 0, 1, 0, 0, 0, 0, 0, 0)
	(0, 0, 0, 0, 1, 0, 0, 0, 0, 0, 0)
	(0, 0, 0, 0, 1, 0, 0, 0, 0, 0, 0)
	(0, 0, 0, 0, 1, 0, 0, 0, 0, 0, 0)
	(0, 0, 0, 0, 1, 0, 0, 0, 0, 0, 0)
	(0, 0, 0, 0, 1, 0, 0, 0, 0, 0, 0)
	(0, 0, 0, 0, 1, 0, 0, 0, 0, 0, 0)
	(0, 0, 0, 0, 1, 0, 0, 0, 0, 0, 0)
	(0, 0, 0, 0, 1, 0, 0, 0, 0, 0, 0)
	(0, 0, 0, 0, 1, 0, 0, 0, 0, 0, 0)
	(0, 0, 0, 0, 1, 0, 0, 0, 0, 0, 0)
	(0, 0, 0, 0, 1, 0, 0, 0, 0, 0, 0)
	(0, 0, 0, 0, 1, 0, 0, 0, 0, 0, 0)
	(0, 0, 0, 0, 1, 0, 0, 0, 0, 0, 0)
	(0, 0, 0, 0, 1, 0, 0, 0, 0, 0, 0)
	(0, 0, 0, 0, 1, 0, 0, 0, 0, 0, 0)
	(1, 0, 0, 0, 1, 0, 0, 0, 0, 0, 0)
	(1, 0, 0, 0, 1, 0, 0, 0, 0, 0, 0)
	(1, 0, 0, 0, 1, 0, 0, 0, 0, 0, 0)
	(1, 0, 0, 0, 1, 0, 0, 0, 0, 0, 0)
	(1, 0, 0, 0, 1, 0, 0, 0, 0, 0, 0)
	(1, 0, 0, 0, 1, 0, 0, 0, 0, 0, 0)
	(1, 0, 0, 0, 1, 0, 0, 0, 0, 0, 0)
	(1, 0, 0, 0, 1, 0, 0, 0, 0, 0, 0)
	(1, 0, 0, 0, 1, 0, 0, 0, 0, 0, 0)
	(1, 0, 0, 0, 1, 0, 0, 0, 0, 0, 0)
	(1, 0, 0, 0, 1, 0, 0, 0, 0, 0, 0)
	(1, 0, 0, 0, 1, 0, 0, 0, 0, 0, 0)
	(1, 0, 0, 0, 1, 0, 0, 0, 0, 0, 0)
	(1, 0, 0, 0, 1, 0, 0, 0, 0, 0, 0)
	(1, 0, 0, 0, 1, 0, 0, 0, 0, 0, 0)
	(1, 0, 0, 0, 1, 0, 0, 0, 0, 0, 0)
	(1, 0, 0, 0, 1, 0, 0, 0, 0, 0, 0)
	(1, 0, 0, 0, 1, 0, 0, 0, 0, 0, 0)
	(0, 0, 0, 0, 1, 0, 0, 0, 0, 0, 0)
	(0, 0, 0, 0, 0, 1, 0, 0, 0, 0, 0)
	(1, 0, 0, 0, 0, 1, 0, 0, 0, 0, 0)
	(0, 0, 0, 0, 0, 0, 1, 0, 0, 0, 0)
	(0, 0, 0, 0, 0, 0, 1, 0, 0, 0, 0)
	(0, 0, 0, 0, 0, 0, 1, 0, 0, 0, 0)
	(0, 0, 0, 0, 0, 0, 0, 1, 0, 0, 0)
('all', (24, 66), (24, 99)):
	(0, 0, 0, 1, 0, 1, 0, 0, 1, 0, 0)
	(0, 0, 0, 1, 0, 0, 1, 0, 0, 0, 0)
	(0, 0, 0, 1, 0, 0, 1, 0, 1, 0, 0)
	(0, 0, 0, 1, 0, 0, 1, 0, 1, 0, 0)
	(0, 0, 0, 1, 0, 0, 1, 0, 1, 0, 0)
	(0, 0, 0, 0, 0, 0, 1, 0, 1, 0, 0)
	(0, 0, 0, 0, 0, 0, 1, 0, 1, 0, 0)
	(0, 0, 0, 0, 0, 0, 1, 0, 1, 0, 0)
	(0, 0, 0, 0, 0, 0, 1, 0, 1, 0, 0)
	(0, 0, 0, 0, 0, 0, 1, 0, 1, 0, 0)
	(0, 0, 0, 0, 0, 0, 1, 0, 1, 0, 0)
	(0, 0, 0, 0, 0, 0, 1, 0, 1, 0, 0)
	(0, 0, 0, 0, 0, 0, 1, 0, 1, 0, 0)
	(0, 0, 0, 0, 0, 0, 1, 0, 1, 0, 0)
	(0, 0, 0, 0, 0, 0, 1, 0, 1, 0, 0)
	(0, 0, 0, 0, 0, 0, 1, 0, 1, 0, 0)
	(0, 0, 0, 0, 0, 0, 1, 0, 1, 0, 0)
	(0, 0, 0, 0, 0, 0, 1, 0, 1, 0, 0)
	(0, 0, 0, 0, 0, 0, 1, 0, 1, 0, 0)
	(0, 0, 0, 0, 0, 0, 1, 0, 1, 0, 0)
	(0, 0, 0, 0, 0, 0, 1, 0, 1, 0, 0)
	(0, 0, 0, 0, 0, 0, 1, 0, 1, 0, 0)
	(0, 0, 0, 0, 0, 0, 1, 0, 1, 0, 0)
	(0, 0, 0, 0, 0, 0, 1, 0, 1, 0, 0)
	(0, 0, 0, 0, 0, 0, 1, 0, 1, 0, 0)
	(0, 0, 0, 0, 0, 0, 1, 0, 1, 0, 0)
	(0, 0, 0, 0, 0, 0, 1, 0, 1, 0, 0)
	(0, 0, 0, 0, 0, 0, 1, 0, 0, 0, 0)
	(0, 0, 0, 0, 0, 0, 1, 0, 0, 0, 0)
	(0, 0, 0, 0, 0, 0, 1, 0, 0, 0, 0)
	(0, 0, 0, 0, 0, 0, 1, 0, 0, 1, 0)
	(0, 0, 0, 0, 0, 0, 1, 0, 0, 1, 0)
	(0, 0, 0, 0, 0, 0, 1, 0, 0, 1, 0)
	(0, 0, 0, 0, 0, 0, 0, 1, 0, 1, 0)
('all', (145, 44), (145, 84)):
	(0, 0, 0, 1, 0, 0, 0, 1, 0, 1, 0)
	(0, 0, 0, 0, 0, 0, 0, 1, 0, 1, 0)
	(0, 0, 0, 0, 0, 0, 0, 1, 0, 1, 0)
	(0, 0, 0, 0, 0, 0, 0, 1, 0, 1, 0)
	(0, 0, 0, 0, 0, 0, 0, 1, 0, 1, 0)
	(0, 0, 0, 0, 0, 0, 0, 1, 0, 1, 0)
	(0, 0, 0, 0, 0, 0, 0, 1, 0, 0, 0)
	(0, 0, 0, 0, 0, 0, 0, 1, 0, 0, 0)
	(0, 0, 0, 0, 0, 0, 1, 0, 1, 0, 0)
	(0, 0, 0, 0, 0, 0, 1, 0, 1, 0, 0)
	(0, 0, 0, 0, 0, 1, 0, 0, 1, 0, 0)
	(0, 0, 0, 0, 0, 1, 0, 0, 1, 0, 0)
	(0, 0, 0, 0, 0, 1, 0, 0, 0, 0, 0)
	(0, 0, 0, 0, 1, 0, 0, 0, 0, 0, 0)
	(0, 0, 0, 0, 1, 0, 0, 0, 0, 0, 0)
	(0, 0, 0, 0, 1, 0, 0, 0, 0, 0, 0)
	(0, 0, 0, 0, 1, 0, 0, 0, 0, 0, 0)
	(0, 0, 0, 0, 1, 0, 0, 0, 0, 0, 0)
	(0, 0, 0, 0, 1, 0, 0, 0, 0, 0, 0)
	(0, 0, 0, 0, 1, 0, 0, 0, 0, 0, 0)
	(0, 0, 0, 0, 1, 0, 0, 0, 0, 0, 0)
	(0, 0, 0, 0, 1, 0, 0, 0, 0, 0, 0)
	(0, 0, 0, 0, 1, 0, 0, 0, 0, 0, 0)
	(0, 0, 0, 0, 1, 0, 0, 0, 0, 0, 0)
	(0, 0, 0, 0, 0, 1, 0, 0, 0, 0, 0)
	(0, 0, 0, 0, 0, 1, 0, 0, 0, 0, 0)
	(0, 0, 0, 0, 0, 1, 0, 0, 1, 0, 0)
	(0, 0, 0, 0, 0, 0, 1, 0, 1, 0, 0)
	(0, 0, 0, 0, 0, 0, 1, 0, 1, 0, 0)
	(0, 0, 0, 0, 0, 0, 1, 0, 0, 0, 0)
	(0, 0, 0, 0, 0, 0, 1, 0, 0, 0, 0)
	(0, 0, 0, 0, 0, 0, 1, 0, 1, 0, 0)
	(0, 0, 0, 0, 0, 0, 1, 0, 0, 0, 0)
	(0, 0, 0, 0, 0, 0, 1, 0, 1, 0, 0)
	(0, 0, 0, 0, 0, 0, 1, 0, 0, 0, 0)
	(0, 0, 0, 0, 0, 0, 1, 0, 0, 0, 0)
	(0, 0, 0, 0, 0, 0, 1, 0, 0, 0, 0)
	(0, 0, 0, 0, 0, 0, 1, 0, 0, 0, 0)
	(0, 0, 0, 0, 0, 0, 1, 0, 0, 0, 0)
	(0, 0, 0, 0, 0, 0, 1, 0, 0, 1, 0)
	(0, 0, 0, 0, 0, 0, 0, 1, 0, 1, 0)
