('all', (330, 78), (330, 98)):
	(0, 0, 0, 0, 0, 1, 0, 0, 1, 0, 0)
	(0, 0, 0, 0, 0, 1, 0, 0, 0, 0, 0)
	(0, 0, 0, 0, 0, 1, 0, 0, 0, 0, 0)
	(0, 0, 0, 0, 0, 1, 0, 0, 0, 1, 0)
	(0, 0, 0, 0, 0, 1, 0, 0, 0, 1, 0)
	(0, 0, 0, 0, 0, 1, 0, 0, 0, 1, 0)
	(0, 0, 0, 0, 0, 1, 0, 0, 0, 1, 0)
	(0, 0, 0, 0, 0, 1, 0, 0, 0, 1, 0)
	(0, 0, 0, 0, 0, 1, 0, 0, 0, 1, 0)
	(0, 0, 0, 0, 0, 1, 0, 0, 0, 1, 0)
	(0, 0, 1, 0, 0, 1, 0, 0, 0, 1, 0)
	(0, 0, 0, 0, 0, 1, 0, 0, 0, 1, 0)
	(0, 0, 0, 0, 0, 0, 1, 0, 0, 1, 0)
	(0, 0, 0, 0, 0, 0, 0, 1, 0, 1, 0)
	(0, 0, 0, 0, 0, 0, 1, 0, 0, 1, 0)
	(0, 0, 0, 0, 0, 0, 1, 0, 0, 1, 0)
	(0, 0, 0, 0, 0, 1, 0, 0, 0, 1, 0)
	(0, 0, 0, 0, 0, 1, 0, 0, 0, 1, 0)
	(0, 0, 0, 0, 1, 0, 0, 0, 0, 1, 0)
	(0, 0, 0, 0, 1, 0, 0, 0, 0, 1, 0)
	(0, 0, 0, 0, 0, 1, 0, 0, 0, 1, 0)
('all', (52, 41), (52, 61)):
	(0, 0, 0, 0, 0, 1, 0, 0, 1, 0, 0)
	(0, 0, 0, 0, 0, 1, 0, 0, 1, 0, 0)
	(0, 0, 0, 0, 0, 1, 0, 0, 1, 0, 0)
	(0, 0, 0, 0, 0, 1, 0, 0, 1, 0, 0)
	(0, 0, 0, 0, 0, 1, 0, 0, 1, 0, 0)
	(0, 0, 0, 0, 0, 1, 0, 0, 1, 0, 0)
	(0, 0, 0, 0, 0, 1, 0, 0, 1, 0, 0)
	(0, 0, 0, 0, 0, 1, 0, 0, 1, 0, 0)
	(0, 0, 0, 0, 0, 1, 0, 0, 1, 0, 0)
	(0, 0, 0, 0, 0, 1, 0, 0, 1, 0, 0)
	(0, 0, 0, 0, 0, 1, 0, 0, 0, 0, 0)
	(0, 0, 0, 0, 0, 1, 0, 0, 0, 0, 0)
	(0, 0, 0, 0, 0, 1, 0, 0, 0, 1, 0)
	(0, 0, 1, 0, 0, 1, 0, 0, 0, 1, 0)
	(0, 0, 0, 1, 0, 1, 0, 0, 0, 1, 0)
	(0, 0, 0, 0, 0, 1, 0, 0, 0, 1, 0)
	(0, 0, 0, 0, 0, 1, 0, 0, 0, 1, 0)
	(0, 0, 0, 0, 1, 0, 0, 0, 0, 1, 0)
	(0, 0, 0, 0, 1, 0, 0, 0, 0, 1, 0)
	(0, 0, 0, 0, 1, 0, 0, 0, 0, 1, 0)
	(0, 0, 0, 0, 0, 1, 0, 0, 0, 1, 0)
('all', (356, 0), (356, 20)):
	(0, 0, 0, 0, 1, 0, 0, 0, 0, 0, 0)
	(0, 0, 0, 0, 1, 0, 0, 0, 0, 0, 0)
	(0, 0, 0, 0, 0, 1, 0, 0, 0, 1, 0)
	(0, 0, 0, 0, 0, 1, 0, 0, 0, 1, 0)
	(0, 0, 0, 0, 0, 1, 0, 0, 0, 1, 0)
	(0, 0, 0, 0, 0, 1, 0, 0, 0, 1, 0)
	(0, 0, 0, 0, 0, 1, 0, 0, 0, 1, 0)
	(0, 0, 0, 0, 0, 1, 0, 0, 0, 1, 0)
	(0, 0, 1, 0, 0, 1, 0, 0, 0, 1, 0)
	(0, 0, 0, 0, 0, 1, 0, 0, 0, 1, 0)
	(0, 0, 0, 0, 0, 0, 1, 0, 0, 1, 0)
	(0, 0, 0, 1, 0, 0, 1, 0, 0, 1, 0)
	(0, 0, 0, 0, 0, 0, 1, 0, 0, 1, 0)
	(0, 0, 0, 0, 0, 1, 0, 0, 0, 1, 0)
	(0, 0, 0, 0, 1, 0, 0, 0, 0, 1, 0)
	(0, 0, 0, 0, 1, 0, 0, 0, 0, 1, 0)
	(0, 0, 0, 0, 1, 0, 0, 0, 0, 1, 0)
	(0, 0, 0, 0, 1, 0, 0, 0, 0, 1, 0)
	(1, 0, 0, 0, 1, 0, 0, 0, 0, 1, 0)
	(1, 0, 0, 0, 1, 0, 0, 0, 0, 1, 0)
	(1, 0, 0, 0, 1, 0, 0, 0, 0, 1, 0)
('all', (347, 0), (347, 20)):
	(0, 0, 0, 0, 0, 1, 0, 0, 0, 0, 0)
	(0, 0, 0, 0, 0, 1, 0, 0, 0, 1, 0)
	(0, 0, 0, 0, 0, 1, 0, 0, 0, 1, 0)
	(0, 0, 0, 0, 0, 1, 0, 0, 0, 1, 0)
	(0, 0, 0, 0, 0, 1, 0, 0, 0, 1, 0)
	(0, 0, 0, 0, 0, 1, 0, 0, 0, 1, 0)
	(0, 0, 0, 0, 0, 1, 0, 0, 0, 1, 0)
	(0, 0, 0, 0, 0, 1, 0, 0, 0, 1, 0)
	(0, 0, 1, 0, 0, 1, 0, 0, 0, 1, 0)
	(0, 0, 0, 0, 0, 1, 0, 0, 0, 1, 0)
	(0, 0, 0, 0, 0, 0, 1, 0, 0, 1, 0)
	(0, 0, 0, 0, 0, 0, 0, 1, 0, 1, 0)
	(0, 0, 0, 1, 0, 0, 1, 0, 0, 1, 0)
	(0, 0, 0, 0, 0, 0, 1, 0, 0, 1, 0)
	(0, 0, 0, 0, 0, 1, 0, 0, 0, 1, 0)
	(0, 0, 0, 0, 0, 1, 0, 0, 0, 1, 0)
	(0, 0, 0, 0, 1, 0, 0, 0, 0, 1, 0)
	(0, 0, 0, 0, 1, 0, 0, 0, 0, 1, 0)
	(0, 0, 0, 0, 0, 1, 0, 0, 0, 1, 0)
	(1, 0, 0, 0, 0, 1, 0, 0, 0, 1, 0)
	(1, 0, 0, 0, 0, 1, 0, 0, 0, 1, 0)
