('all', (189, 0), (189, 20)):
	(0, 0, 0, 0, 0, 0, 0, 1, 0, 0, 0)
	(0, 0, 0, 0, 0, 0, 0, 1, 0, 0, 0)
	(0, 0, 0, 0, 0, 0, 0, 1, 0, 0, 0)
	(0, 0, 0, 0, 0, 0, 1, 0, 0, 0, 0)
	(0, 0, 0, 0, 0, 0, 1, 0, 0, 0, 0)
	(0, 0, 0, 0, 0, 0, 1, 0, 0, 0, 0)
	(0, 0, 0, 0, 0, 0, 1, 0, 0, 0, 0)
	(0, 0, 0, 0, 0, 0, 1, 0, 0, 0, 0)
	(0, 0, 0, 0, 0, 1, 0, 0, 0, 0, 0)
	(0, 0, 0, 0, 0, 1, 0, 0, 0, 0, 0)
	(0, 0, 0, 1, 0, 1, 0, 0, 0, 0, 0)
	(0, 0, 0, 1, 0, 1, 0, 0, 0, 0, 0)
	(0, 0, 0, 0, 0, 1, 0, 0, 0, 0, 0)
	(0, 0, 0, 0, 0, 1, 0, 0, 0, 0, 0)
	(0, 0, 0, 0, 0, 1, 0, 0, 0, 0, 0)
	(0, 0, 0, 0, 0, 1, 0, 0, 0, 0, 0)
	(0, 0, 0, 0, 0, 1, 0, 0, 0, 0, 0)
	(0, 0, 0, 0, 0, 1, 0, 0, 0, 0, 0)
	(0, 0, 0, 0, 0, 0, 1, 0, 0, 0, 0)
	(0, 0, 0, 0, 0, 1, 0, 0, 0, 0, 0)
	(0, 0, 0, 0, 0, 0, 1, 0, 0, 0, 0)
('all', (118, 0), (118, 20)):
	(0, 0, 0, 0, 0, 0, 1, 0, 0, 0, 0)
	(0, 0, 0, 0, 0, 0, 1, 0, 0, 1, 0)
	(0, 0, 0, 0, 0, 0, 1, 0, 0, 1, 0)
	(0, 0, 0, 0, 0, 0, 1, 0, 0, 1, 0)
	(0, 0, 0, 0, 0, 0, 1, 0, 0, 1, 0)
	(0, 0, 0, 0, 0, 0, 1, 0, 0, 1, 0)
	(0, 0, 0, 0, 0, 0, 1, 0, 0, 1, 0)
	(0, 0, 0, 0, 0, 0, 1, 0, 0, 1, 0)
	(0, 0, 0, 0, 0, 0, 1, 0, 0, 1, 0)
	(0, 0, 0, 0, 0, 0, 1, 0, 0, 1, 0)
	(0, 0, 0, 0, 0, 0, 1, 0, 0, 1, 0)
	(0, 0, 1, 0, 0, 0, 1, 0, 0, 1, 0)
	(0, 0, 0, 0, 0, 0, 1, 0, 0, 1, 0)
	(0, 0, 0, 0, 0, 0, 1, 0, 0, 1, 0)
	(0, 0, 0, 0, 0, 0, 1, 0, 0, 1, 0)
	(0, 0, 0, 0, 0, 1, 0, 0, 0, 1, 0)
	(0, 0, 0, 0, 0, 1, 0, 0, 0, 1, 0)
	(0, 0, 0, 0, 0, 1, 0, 0, 0, 1, 0)
	(0, 0, 0, 0, 0, 1, 0, 0, 0, 1, 0)
	(0, 0, 0, 0, 0, 1, 0, 0, 0, 1, 0)
	(0, 0, 0, 0, 0, 1, 0, 0, 0, 1, 0)
('all', (198, 0), (198, 20)):
	(0, 0, 0, 0, 0, 0, 0, 1, 0, 0, 0)
	(0, 0, 0, 0, 0, 0, 0, 1, 0, 0, 0)
	(0, 0, 0, 0, 0, 0, 0, 1, 0, 0, 0)
	(0, 0, 0, 0, 0, 0, 1, 0, 0, 0, 0)
	(0, 0, 0, 0, 0, 0, 1, 0, 0, 0, 0)
	(0, 0, 0, 0, 0, 0, 1, 0, 0, 0, 0)
	(0, 0, 0, 0, 0, 0, 1, 0, 0, 0, 0)
	(0, 0, 0, 0, 0, 0, 1, 0, 0, 0, 0)
	(0, 0, 0, 0, 0, 1, 0, 0, 0, 0, 0)
	(0, 0, 0, 0, 0, 0, 1, 0, 0, 0, 0)
	(0, 0, 0, 0, 0, 1, 0, 0, 0, 0, 0)
	(0, 0, 0, 0, 0, 1, 0, 0, 0, 0, 0)
	(0, 0, 0, 0, 0, 1, 0, 0, 0, 0, 0)
	(0, 0, 0, 0, 0, 1, 0, 0, 0, 0, 0)
	(0, 0, 0, 0, 0, 1, 0, 0, 0, 0, 0)
	(0, 0, 0, 0, 0, 1, 0, 0, 0, 0, 0)
	(0, 0, 0, 0, 0, 1, 0, 0, 0, 0, 0)
	(0, 0, 0, 0, 0, 1, 0, 0, 0, 0, 0)
	(0, 0, 0, 0, 0, 1, 0, 0, 0, 0, 0)
	(1, 0, 0, 0, 0, 1, 0, 0, 1, 0, 0)
	(1, 0, 0, 0, 0, 1, 0, 0, 1, 0, 0)
('all', (65, 2), (65, 22)):
	(0, 0, 0, 0, 0, 0, 1, 0, 0, 0, 0)
	(0, 0, 0, 0, 0, 1, 0, 0, 0, 0, 0)
	(0, 0, 0, 0, 0, 1, 0, 0, 0, 0, 0)
	(0, 0, 0, 0, 0, 1, 0, 0, 0, 0, 0)
	(0, 0, 0, 0, 0, 1, 0, 0, 0, 0, 0)
	(0, 0, 0, 0, 0, 1, 0, 0, 0, 0, 0)
	(0, 0, 0, 1, 0, 1, 0, 0, 0, 0, 0)
	(0, 0, 0, 0, 0, 0, 1, 0, 0, 0, 0)
	(0, 0, 0, 0, 0, 1, 0, 0, 0, 0, 0)
	(0, 0, 0, 0, 0, 1, 0, 0, 0, 0, 0)
	(0, 0, 0, 0, 0, 1, 0, 0, 0, 0, 0)
	(0, 0, 0, 0, 0, 1, 0, 0, 0, 0, 0)
	(0, 0, 0, 0, 0, 1, 0, 0, 0, 0, 0)
	(0, 0, 0, 0, 0, 1, 0, 0, 0, 0, 0)
	(0, 0, 0, 0, 0, 1, 0, 0, 0, 0, 0)
	(0, 0, 0, 1, 0, 1, 0, 0, 0, 0, 0)
	(0, 0, 0, 0, 0, 1, 0, 0, 0, 0, 0)
	(0, 0, 0, 0, 0, 1, 0, 0, 0, 0, 0)
	(0, 0, 0, 0, 0, 1, 0, 0, 0, 1, 0)
	(0, 0, 0, 0, 0, 1, 0, 0, 0, 1, 0)
	(0, 0, 0, 0, 0, 1, 0, 0, 0, 1, 0)
