('all', (301, 0), (301, 16)):
	(0, 0, 0, 0, 0, 1, 0, 0, 0, 0, 0)
	(0, 0, 0, 0, 0, 1, 0, 0, 0, 1, 0)
	(0, 0, 0, 0, 0, 1, 0, 0, 0, 1, 0)
	(0, 0, 0, 0, 0, 1, 0, 0, 0, 1, 0)
	(0, 0, 0, 0, 0, 1, 0, 0, 0, 1, 0)
	(0, 0, 0, 0, 0, 1, 0, 0, 0, 1, 0)
	(0, 0, 1, 0, 0, 1, 0, 0, 0, 1, 0)
	(0, 0, 0, 0, 0, 1, 0, 0, 0, 1, 0)
	(0, 0, 0, 0, 0, 1, 0, 0, 0, 1, 0)
	(0, 0, 0, 0, 0, 1, 0, 0, 0, 0, 0)
	(0, 0, 0, 0, 0, 1, 0, 0, 0, 0, 0)
	(0, 0, 0, 0, 0, 1, 0, 0, 0, 0, 0)
	(0, 0, 0, 0, 0, 1, 0, 0, 0, 0, 0)
	(0, 0, 0, 0, 0, 1, 0, 0, 0, 0, 0)
	(0, 0, 1, 0, 0, 1, 0, 0, 0, 0, 0)
	(0, 0, 1, 0, 0, 1, 0, 0, 0, 0, 0)
	(0, 0, 0, 0, 0, 1, 0, 0, 0, 0, 0)
('all', (56, 4), (56, 38)):
	(0, 0, 0, 0, 0, 1, 0, 0, 0, 0, 0)
	(0, 0, 0, 0, 1, 0, 0, 0, 0, 0, 0)
	(0, 0, 0, 0, 1, 0, 0, 0, 0, 0, 0)
	(0, 0, 0, 0, 1, 0, 0, 0, 0, 0, 0)
	(0, 0, 0, 0, 1, 0, 0, 0, 0, 0, 0)
	(0, 0, 0, 0, 1, 0, 0, 0, 0, 0, 0)
	(0, 0, 0, 0, 1, 0, 0, 0, 0, 0, 0)
	(0, 0, 0, 0, 1, 0, 0, 0, 0, 0, 0)
	(0, 0, 0, 0, 1, 0, 0, 0, 0, 0, 0)
	(0, 0, 0, 0, 1, 0, 0, 0, 0, 1, 0)
	(0, 0, 1, 0, 1, 0, 0, 0, 0, 1, 0)
	(0, 0, 0, 0, 1, 0, 0, 0, 0, 1, 0)
	(0, 0, 0, 0, 1, 0, 0, 0, 0, 1, 0)
	(0, 0, 0, 0, 1, 0, 0, 0, 0, 1, 0)
	(0, 0, 0, 0, 1, 0, 0, 0, 0, 1, 0)
	(0, 0, 0, 0, 1, 0, 0, 0, 0, 1, 0)
	(0, 0, 0, 0, 1, 0, 0, 0, 0, 1, 0)
	(0, 0, 1, 0, 1, 0, 0, 0, 0, 1, 0)
	(0, 0, 0, 0, 1, 0, 0, 0, 0, 1, 0)
	(0, 0, 0, 0, 1, 0, 0, 0, 0, 1, 0)
	(0, 0, 0, 0, 1, 0, 0, 0, 0, 1, 0)
	(0, 0, 0, 0, 1, 0, 0, 0, 0, 1, 0)
	(0, 0, 0, 0, 1, 0, 0, 0, 0, 1, 0)
	(0, 0, 0, 0, 1, 0, 0, 0, 0, 1, 0)
	(0, 0, 0, 0, 1, 0, 0, 0, 0, 1, 0)
	(0, 0, 0, 0, 1, 0, 0, 0, 0, 1, 0)
	(0, 0, 0, 0, 1, 0, 0, 0, 0, 1, 0)
	(0, 0, 1, 0, 1, 0, 0, 0, 0, 0, 0)
	(0, 0, 1, 0, 1, 0, 0, 0, 0, 0, 0)
	(0, 0, 0, 0, 1, 0, 0, 0, 0, 1, 0)
	(1, 0, 0, 0, 1, 0, 0, 0, 0, 1, 0)
	(1, 0, 0, 0, 1, 0, 0, 0, 0, 1, 0)
	(1, 0, 0, 0, 1, 0, 0, 0, 0, 1, 0)
	(0, 0, 0, 0, 1, 0, 0, 0, 0, 1, 0)
	(0, 0, 0, 0, 0, 1, 0, 0, 0, 1, 0)
('all', (24, 26), (24, 42)):
	(0, 0, 0, 0, 0, 1, 0, 0, 1, 0, 0)
	(0, 0, 0, 0, 0, 1, 0, 0, 1, 0, 0)
	(0, 0, 0, 0, 0, 1, 0, 0, 1, 0, 0)
	(0, 0, 0, 0, 0, 1, 0, 0, 1, 0, 0)
	(0, 0, 0, 0, 0, 1, 0, 0, 1, 0, 0)
	(0, 0, 0, 0, 0, 1, 0, 0, 1, 0, 0)
	(0, 0, 0, 0, 0, 1, 0, 0, 1, 0, 0)
	(0, 0, 0, 0, 0, 1, 0, 0, 1, 0, 0)
	(0, 0, 0, 0, 0, 1, 0, 0, 1, 0, 0)
	(0, 0, 0, 0, 0, 1, 0, 0, 1, 0, 0)
	(0, 0, 0, 1, 0, 1, 0, 0, 1, 0, 0)
	(0, 0, 0, 1, 0, 1, 0, 0, 1, 0, 0)
	(0, 0, 0, 1, 0, 1, 0, 0, 1, 0, 0)
	(0, 0, 0, 1, 0, 1, 0, 0, 1, 0, 0)
	(0, 0, 0, 1, 0, 1, 0, 0, 1, 0, 0)
	(0, 0, 0, 0, 0, 1, 0, 0, 0, 0, 0)
	(0, 0, 0, 0, 0, 1, 0, 0, 1, 0, 0)
('all', (199, 10), (199, 59)):
	(0, 0, 0, 0, 0, 1, 0, 0, 0, 0, 0)
	(0, 0, 0, 0, 1, 0, 0, 0, 0, 1, 0)
	(0, 0, 0, 0, 1, 0, 0, 0, 0, 1, 0)
	(0, 0, 0, 0, 1, 0, 0, 0, 0, 1, 0)
	(0, 0, 0, 0, 1, 0, 0, 0, 0, 1, 0)
	(0, 0, 0, 0, 1, 0, 0, 0, 0, 1, 0)
	(0, 0, 0, 0, 1, 0, 0, 0, 0, 1, 0)
	(0, 0, 1, 0, 1, 0, 0, 0, 0, 1, 0)
	(0, 0, 0, 0, 1, 0, 0, 0, 0, 1, 0)
	(0, 0, 0, 0, 1, 0, 0, 0, 0, 1, 0)
	(0, 0, 0, 0, 1, 0, 0, 0, 0, 1, 0)
	(0, 0, 0, 0, 1, 0, 0, 0, 0, 1, 0)
	(0, 0, 1, 0, 1, 0, 0, 0, 0, 1, 0)
	(0, 0, 0, 0, 1, 0, 0, 0, 0, 0, 0)
	(0, 0, 0, 0, 1, 0, 0, 0, 0, 0, 0)
	(0, 0, 0, 0, 1, 0, 0, 0, 0, 0, 0)
	(0, 0, 0, 0, 1, 0, 0, 0, 0, 0, 0)
	(0, 0, 0, 0, 1, 0, 0, 0, 0, 0, 0)
	(0, 0, 0, 0, 1, 0, 0, 0, 0, 1, 0)
	(0, 0, 0, 0, 1, 0, 0, 0, 0, 0, 0)
	(0, 0, 0, 0, 1, 0, 0, 0, 0, 0, 0)
	(0, 0, 0, 0, 1, 0, 0, 0, 0, 0, 0)
	(0, 0, 0, 0, 1, 0, 0, 0, 0, 0, 0)
	(0, 0, 0, 0, 1, 0, 0, 0, 0, 0, 0)
	(0, 0, 0, 0, 1, 0, 0, 0, 0, 0, 0)
	(0, 0, 0, 0, 1, 0, 0, 0, 1, 0, 0)
	(0, 0, 0, 0, 1, 0, 0, 0, 0, 0, 0)
	(0, 0, 0, 0, 1, 0, 0, 0, 1, 0, 0)
	(0, 0, 1, 0, 1, 0, 0, 0, 0, 0, 0)
	(1, 0, 1, 0, 1, 0, 0, 0, 1, 0, 0)
	(1, 0, 1, 0, 1, 0, 0, 0, 0, 0, 0)
	(1, 0, 1, 0, 1, 0, 0, 0, 1, 0, 0)
	(1, 0, 1, 0, 1, 0, 0, 0, 0, 0, 0)
	(1, 0, 1, 0, 1, 0, 0, 0, 1, 0, 0)
	(1, 0, 1, 0, 1, 0, 0, 0, 0, 0, 0)
	(1, 0, 1, 0, 1, 0, 0, 0, 1, 0, 0)
	(1, 0, 1, 0, 1, 0, 0, 0, 0, 0, 0)
	(1, 0, 0, 0, 1, 0, 0, 0, 1, 0, 0)
	(1, 0, 0, 0, 1, 0, 0, 0, 0, 0, 0)
	(1, 0, 0, 0, 1, 0, 0, 0, 1, 0, 0)
	(1, 0, 0, 0, 1, 0, 0, 0, 0, 0, 0)
	(1, 0, 0, 0, 1, 0, 0, 0, 0, 0, 0)
	(1, 0, 0, 0, 1, 0, 0, 0, 0, 0, 0)
	(1, 0, 0, 0, 1, 0, 0, 0, 0, 0, 0)
	(1, 0, 0, 0, 1, 0, 0, 0, 0, 0, 0)
	(1, 0, 0, 0, 1, 0, 0, 0, 0, 0, 0)
	(1, 0, 0, 0, 1, 0, 0, 0, 1, 0, 0)
	(1, 0, 0, 0, 1, 0, 0, 0, 1, 0, 0)
	(0, 0, 0, 0, 1, 0, 0, 0, 1, 0, 0)
	(0, 0, 0, 0, 0, 1, 0, 0, 1, 0, 0)
