('all', (258, 116), (258, 136)):
	(1, 0, 0, 0, 0, 1, 0, 0, 1, 0, 0)
	(0, 0, 0, 0, 0, 1, 0, 0, 1, 0, 0)
	(0, 0, 0, 0, 0, 1, 0, 0, 1, 0, 0)
	(0, 0, 1, 0, 0, 1, 0, 0, 1, 0, 0)
	(0, 0, 1, 0, 0, 1, 0, 0, 0, 0, 0)
	(0, 0, 1, 0, 0, 1, 0, 0, 1, 0, 0)
	(0, 0, 1, 0, 0, 1, 0, 0, 0, 0, 0)
	(0, 0, 1, 0, 0, 1, 0, 0, 1, 0, 0)
	(0, 0, 1, 0, 0, 1, 0, 0, 0, 0, 0)
	(0, 0, 1, 0, 0, 1, 0, 0, 1, 0, 0)
	(0, 0, 0, 0, 0, 1, 0, 0, 0, 0, 0)
	(0, 0, 0, 0, 0, 1, 0, 0, 0, 0, 0)
	(0, 0, 0, 0, 0, 1, 0, 0, 0, 0, 0)
	(0, 0, 0, 0, 0, 1, 0, 0, 0, 0, 0)
	(0, 0, 0, 0, 0, 1, 0, 0, 0, 0, 0)
	(0, 0, 0, 0, 0, 1, 0, 0, 0, 0, 0)
	(0, 0, 0, 0, 0, 1, 0, 0, 0, 0, 0)
	(0, 0, 0, 0, 1, 0, 0, 0, 0, 0, 0)
	(0, 0, 0, 0, 1, 0, 0, 0, 0, 0, 0)
	(0, 0, 0, 0, 1, 0, 0, 0, 0, 0, 0)
	(0, 0, 0, 0, 1, 0, 0, 0, 0, 0, 0)
('all', (226, 66), (226, 86)):
	(1, 0, 0, 0, 0, 1, 0, 0, 1, 0, 0)
	(1, 0, 0, 0, 0, 1, 0, 0, 1, 0, 0)
	(1, 0, 0, 0, 0, 1, 0, 0, 1, 0, 0)
	(1, 0, 0, 0, 0, 1, 0, 0, 1, 0, 0)
	(1, 0, 0, 0, 0, 1, 0, 0, 1, 0, 0)
	(1, 0, 0, 0, 0, 1, 0, 0, 1, 0, 0)
	(1, 0, 0, 0, 0, 1, 0, 0, 1, 0, 0)
	(1, 0, 0, 0, 0, 1, 0, 0, 1, 0, 0)
	(1, 0, 0, 0, 0, 1, 0, 0, 1, 0, 0)
	(1, 0, 0, 0, 0, 1, 0, 0, 1, 0, 0)
	(1, 0, 0, 0, 0, 1, 0, 0, 1, 0, 0)
	(1, 0, 0, 0, 0, 1, 0, 0, 1, 0, 0)
	(1, 0, 0, 0, 0, 1, 0, 0, 1, 0, 0)
	(1, 0, 0, 0, 0, 1, 0, 0, 1, 0, 0)
	(1, 0, 0, 0, 0, 1, 0, 0, 1, 0, 0)
	(1, 0, 0, 0, 0, 1, 0, 0, 1, 0, 0)
	(1, 0, 0, 0, 0, 1, 0, 0, 1, 0, 0)
	(1, 0, 0, 0, 0, 1, 0, 0, 1, 0, 0)
	(1, 0, 0, 0, 0, 1, 0, 0, 1, 0, 0)
	(1, 0, 0, 0, 0, 1, 0, 0, 1, 0, 0)
	(1, 0, 0, 0, 0, 1, 0, 0, 1, 0, 0)
('all', (326, 2), (326, 22)):
	(1, 0, 0, 0, 0, 1, 0, 0, 0, 0, 0)
	(1, 0, 0, 0, 0, 1, 0, 0, 0, 0, 0)
	(1, 0, 0, 0, 0, 1, 0, 0, 0, 0, 0)
	(1, 0, 0, 0, 0, 1, 0, 0, 0, 0, 0)
	(1, 0, 0, 0, 0, 1, 0, 0, 0, 0, 0)
	(1, 0, 0, 0, 0, 1, 0, 0, 0, 0, 0)
	(1, 0, 0, 0, 0, 1, 0, 0, 0, 0, 0)
	(0, 0, 0, 0, 0, 1, 0, 0, 0, 0, 0)
	(0, 0, 0, 0, 0, 0, 1, 0, 0, 0, 0)
	(0, 0, 0, 0, 0, 0, 0, 1, 0, 1, 0)
	(0, 0, 0, 0, 0, 0, 0, 1, 0, 1, 0)
	(0, 0, 0, 0, 0, 0, 0, 1, 0, 1, 0)
	(0, 0, 0, 0, 0, 0, 0, 1, 0, 1, 0)
	(0, 0, 0, 1, 0, 0, 0, 1, 0, 1, 0)
	(0, 0, 0, 1, 0, 0, 0, 1, 0, 1, 0)
	(0, 0, 0, 0, 0, 0, 0, 1, 0, 1, 0)
	(0, 0, 0, 0, 0, 0, 0, 1, 0, 1, 0)
	(0, 0, 0, 0, 0, 0, 0, 1, 0, 1, 0)
	(0, 0, 0, 0, 0, 0, 0, 1, 0, 1, 0)
	(0, 0, 0, 0, 0, 0, 0, 1, 0, 0, 0)
	(0, 0, 0, 0, 0, 0, 0, 1, 0, 1, 0)
('all', (88, 43), (88, 63)):
	(1, 0, 0, 0, 0, 1, 0, 0, 1, 0, 0)
	(1, 0, 0, 0, 0, 1, 0, 0, 1, 0, 0)
	(1, 0, 0, 0, 0, 1, 0, 0, 1, 0, 0)
	(0, 0, 0, 0, 0, 1, 0, 0, 1, 0, 0)
	(0, 0, 0, 0, 0, 1, 0, 0, 1, 0, 0)
	(0, 0, 0, 0, 0, 1, 0, 0, 1, 0, 0)
	(0, 0, 0, 0, 0, 1, 0, 0, 1, 0, 0)
	(0, 0, 0, 0, 0, 1, 0, 0, 1, 0, 0)
	(0, 0, 0, 0, 0, 1, 0, 0, 1, 0, 0)
	(0, 0, 0, 0, 0, 1, 0, 0, 1, 0, 0)
	(0, 0, 0, 0, 0, 1, 0, 0, 1, 0, 0)
	(0, 0, 0, 0, 0, 1, 0, 0, 1, 0, 0)
	(0, 0, 0, 0, 0, 0, 1, 0, 1, 0, 0)
	(0, 0, 0, 0, 0, 0, 1, 0, 1, 0, 0)
	(0, 0, 0, 0, 0, 0, 1, 0, 1, 0, 0)
	(0, 0, 0, 0, 0, 0, 1, 0, 1, 0, 0)
	(0, 0, 0, 0, 0, 0, 1, 0, 1, 0, 0)
	(0, 0, 0, 0, 0, 0, 1, 0, 1, 0, 0)
	(0, 0, 0, 0, 0, 0, 1, 0, 1, 0, 0)
	(0, 0, 0, 0, 0, 0, 1, 0, 1, 0, 0)
	(0, 0, 0, 0, 0, 0, 1, 0, 1, 0, 0)
