('all', (298, 9), (298, 64)):
	(0, 0, 0, 0, 0, 1, 0, 0, 0, 1, 0)
	(0, 0, 0, 0, 0, 0, 1, 0, 0, 0, 0)
	(0, 0, 0, 0, 0, 0, 1, 0, 0, 0, 0)
	(0, 0, 0, 0, 0, 0, 0, 1, 0, 0, 0)
	(0, 0, 0, 1, 0, 0, 0, 1, 0, 0, 0)
	(0, 0, 0, 1, 0, 0, 0, 1, 0, 0, 0)
	(0, 0, 0, 0, 0, 0, 0, 1, 0, 0, 0)
	(0, 0, 0, 0, 0, 0, 0, 1, 0, 0, 0)
	(0, 0, 0, 0, 0, 0, 0, 1, 0, 0, 0)
	(0, 0, 0, 0, 0, 0, 0, 1, 0, 0, 0)
	(0, 0, 0, 0, 0, 0, 0, 1, 0, 0, 0)
	(0, 0, 0, 0, 0, 0, 0, 1, 0, 0, 0)
	(0, 0, 0, 0, 0, 0, 0, 1, 0, 1, 0)
	(0, 0, 0, 0, 0, 0, 0, 1, 0, 0, 0)
	(0, 0, 0, 0, 0, 0, 0, 1, 0, 0, 0)
	(0, 0, 0, 0, 0, 0, 0, 1, 0, 0, 0)
	(0, 0, 0, 0, 0, 0, 0, 1, 0, 0, 0)
	(0, 0, 0, 1, 0, 0, 0, 1, 0, 0, 0)
	(0, 0, 0, 1, 0, 0, 0, 1, 0, 0, 0)
	(0, 0, 0, 0, 0, 0, 0, 1, 0, 0, 0)
	(0, 0, 0, 0, 0, 0, 0, 1, 0, 0, 0)
	(0, 0, 0, 0, 0, 0, 0, 1, 0, 0, 0)
	(0, 0, 0, 0, 0, 0, 0, 1, 0, 0, 0)
	(0, 0, 0, 0, 0, 0, 0, 1, 0, 1, 0)
	(0, 0, 0, 0, 0, 0, 0, 1, 0, 1, 0)
	(0, 0, 0, 1, 0, 0, 0, 1, 0, 1, 0)
	(0, 0, 0, 0, 0, 0, 0, 1, 0, 1, 0)
	(0, 0, 0, 0, 0, 0, 0, 1, 0, 1, 0)
	(0, 0, 0, 0, 0, 0, 0, 1, 0, 0, 0)
	(0, 0, 0, 0, 0, 0, 0, 1, 0, 0, 0)
	(0, 0, 0, 0, 0, 0, 0, 1, 1, 0, 0)
	(0, 0, 0, 0, 0, 0, 0, 1, 0, 0, 0)
	(0, 0, 0, 0, 0, 0, 0, 1, 0, 0, 0)
	(0, 0, 0, 0, 0, 0, 0, 1, 0, 1, 0)
	(0, 0, 0, 0, 0, 0, 0, 1, 0, 1, 0)
	(0, 0, 0, 0, 0, 0, 0, 1, 0, 1, 0)
	(0, 0, 0, 1, 0, 0, 0, 1, 0, 1, 0)
	(0, 0, 0, 1, 0, 0, 0, 1, 0, 1, 0)
	(0, 0, 0, 0, 0, 0, 0, 1, 0, 1, 0)
	(0, 0, 0, 0, 0, 0, 0, 1, 0, 1, 0)
	(0, 0, 0, 1, 0, 0, 0, 1, 0, 1, 0)
	(0, 0, 0, 1, 0, 0, 0, 1, 0, 1, 0)
	(0, 0, 0, 0, 0, 0, 0, 1, 0, 0, 0)
	(0, 0, 0, 0, 0, 0, 0, 1, 0, 0, 0)
	(0, 0, 0, 0, 0, 0, 0, 1, 1, 0, 0)
	(0, 0, 0, 0, 0, 0, 0, 1, 0, 0, 0)
	(0, 0, 0, 0, 0, 0, 0, 1, 1, 0, 0)
	(0, 0, 0, 0, 0, 0, 0, 1, 0, 0, 0)
	(0, 0, 0, 0, 0, 0, 0, 1, 1, 0, 0)
	(0, 0, 0, 0, 0, 0, 0, 1, 0, 0, 0)
	(0, 0, 0, 0, 0, 0, 0, 1, 0, 0, 0)
	(0, 0, 0, 0, 0, 0, 0, 1, 0, 0, 0)
	(0, 0, 0, 0, 0, 0, 0, 1, 0, 0, 0)
	(0, 0, 0, 0, 0, 0, 0, 1, 0, 1, 0)
	(0, 0, 0, 0, 0, 0, 1, 0, 0, 1, 0)
	(0, 0, 0, 0, 0, 1, 0, 0, 0, 1, 0)
('all', (174, 2), (174, 39)):
	(0, 0, 0, 0, 0, 1, 0, 0, 0, 0, 0)
	(0, 0, 0, 0, 1, 0, 0, 0, 0, 0, 0)
	(0, 0, 0, 0, 1, 0, 0, 0, 0, 0, 0)
	(0, 0, 0, 0, 1, 0, 0, 0, 0, 1, 0)
	(0, 0, 0, 0, 1, 0, 0, 0, 0, 1, 0)
	(0, 0, 0, 0, 1, 0, 0, 0, 0, 1, 0)
	(0, 0, 0, 0, 1, 0, 0, 0, 0, 1, 0)
	(0, 0, 0, 0, 1, 0, 0, 0, 0, 1, 0)
	(0, 0, 0, 0, 1, 0, 0, 0, 0, 1, 0)
	(0, 0, 0, 0, 1, 0, 0, 0, 0, 1, 0)
	(0, 0, 1, 0, 1, 0, 0, 0, 0, 1, 0)
	(0, 0, 1, 0, 1, 0, 0, 0, 0, 1, 0)
	(0, 0, 0, 0, 1, 0, 0, 0, 0, 0, 0)
	(0, 0, 0, 0, 1, 0, 0, 0, 0, 0, 0)
	(0, 0, 0, 0, 1, 0, 0, 0, 0, 0, 0)
	(0, 0, 0, 0, 1, 0, 0, 0, 0, 0, 0)
	(0, 0, 0, 0, 1, 0, 0, 0, 0, 1, 0)
	(0, 0, 1, 0, 1, 0, 0, 0, 0, 1, 0)
	(0, 0, 1, 0, 1, 0, 0, 0, 0, 0, 0)
	(0, 0, 0, 0, 1, 0, 0, 0, 0, 0, 0)
	(0, 0, 0, 0, 1, 0, 0, 0, 1, 0, 0)
	(0, 0, 0, 0, 1, 0, 0, 0, 1, 0, 0)
	(0, 0, 0, 0, 1, 0, 0, 0, 1, 0, 0)
	(0, 0, 0, 0, 1, 0, 0, 0, 1, 0, 0)
	(0, 0, 0, 0, 1, 0, 0, 0, 1, 0, 0)
	(0, 0, 0, 0, 1, 0, 0, 0, 1, 0, 0)
	(0, 0, 0, 0, 1, 0, 0, 0, 1, 0, 0)
	(0, 0, 0, 0, 1, 0, 0, 0, 1, 0, 0)
	(0, 0, 0, 0, 1, 0, 0, 0, 1, 0, 0)
	(0, 0, 0, 0, 1, 0, 0, 0, 1, 0, 0)
	(0, 0, 0, 0, 1, 0, 0, 0, 1, 0, 0)
	(0, 0, 0, 0, 1, 0, 0, 0, 1, 0, 0)
	(0, 0, 0, 0, 1, 0, 0, 0, 1, 0, 0)
	(0, 0, 0, 0, 1, 0, 0, 0, 1, 0, 0)
	(0, 0, 0, 0, 1, 0, 0, 0, 0, 0, 0)
	(0, 0, 0, 0, 1, 0, 0, 0, 1, 0, 0)
	(0, 0, 0, 0, 1, 0, 0, 0, 1, 0, 0)
	(0, 0, 0, 0, 0, 1, 0, 0, 1, 0, 0)
('all', (181, 27), (181, 43)):
	(0, 0, 0, 0, 0, 1, 0, 0, 0, 0, 0)
	(0, 0, 0, 0, 0, 1, 0, 0, 0, 0, 0)
	(0, 0, 0, 0, 0, 1, 0, 0, 1, 0, 0)
	(0, 0, 0, 0, 0, 1, 0, 0, 1, 0, 0)
	(0, 0, 0, 0, 0, 1, 0, 0, 1, 0, 0)
	(0, 0, 0, 0, 0, 1, 0, 0, 1, 0, 0)
	(0, 0, 0, 0, 0, 1, 0, 0, 1, 0, 0)
	(0, 0, 0, 0, 0, 1, 0, 0, 1, 0, 0)
	(0, 0, 0, 0, 0, 1, 0, 0, 1, 0, 0)
	(0, 0, 0, 0, 0, 1, 0, 0, 1, 0, 0)
	(0, 0, 0, 0, 0, 1, 0, 0, 1, 0, 0)
	(0, 0, 0, 0, 0, 1, 0, 0, 1, 0, 0)
	(0, 0, 0, 0, 0, 1, 0, 0, 1, 0, 0)
	(0, 0, 0, 0, 0, 1, 0, 0, 1, 0, 0)
	(0, 0, 0, 0, 0, 1, 0, 0, 1, 0, 0)
	(0, 0, 0, 0, 0, 1, 0, 0, 1, 0, 0)
	(0, 0, 0, 0, 0, 1, 0, 0, 1, 0, 0)
('all', (145, 35), (145, 54)):
	(0, 0, 0, 0, 0, 1, 0, 0, 0, 0, 0)
	(0, 0, 0, 0, 1, 0, 0, 0, 0, 0, 0)
	(0, 0, 0, 0, 1, 0, 0, 0, 0, 0, 0)
	(0, 0, 0, 0, 1, 0, 0, 0, 0, 0, 0)
	(0, 0, 0, 0, 1, 0, 0, 0, 0, 0, 0)
	(0, 0, 0, 0, 1, 0, 0, 0, 0, 0, 0)
	(0, 0, 0, 0, 1, 0, 0, 0, 0, 0, 0)
	(0, 0, 0, 0, 1, 0, 0, 0, 0, 0, 0)
	(0, 0, 0, 0, 1, 0, 0, 0, 0, 0, 0)
	(0, 0, 0, 0, 1, 0, 0, 0, 0, 0, 0)
	(0, 0, 0, 0, 1, 0, 0, 0, 0, 0, 0)
	(0, 0, 0, 0, 0, 1, 0, 0, 0, 0, 0)
	(0, 0, 0, 0, 0, 0, 1, 0, 0, 0, 0)
	(0, 0, 0, 0, 0, 0, 1, 0, 0, 0, 0)
	(0, 0, 0, 0, 0, 0, 0, 1, 0, 0, 0)
	(0, 0, 0, 0, 0, 0, 0, 1, 0, 0, 0)
	(1, 0, 0, 0, 0, 0, 0, 1, 0, 0, 0)
	(0, 0, 0, 0, 0, 0, 0, 1, 0, 0, 0)
	(1, 0, 0, 0, 0, 0, 1, 0, 0, 0, 0)
	(0, 0, 0, 0, 0, 1, 0, 0, 0, 0, 0)
