('all', (0, 84), (0, 104)):
	(0, 0, 0, 1, 0, 0, 0, 1, 1, 0, 0)
	(0, 0, 0, 1, 0, 0, 0, 1, 1, 0, 0)
	(0, 0, 0, 1, 0, 0, 0, 1, 1, 0, 0)
	(0, 0, 0, 1, 0, 0, 0, 1, 1, 0, 0)
	(0, 0, 0, 1, 0, 0, 0, 1, 1, 0, 0)
	(0, 0, 0, 1, 0, 0, 0, 1, 1, 0, 0)
	(0, 0, 0, 1, 0, 0, 0, 1, 1, 0, 0)
	(0, 0, 0, 1, 0, 0, 0, 1, 1, 0, 0)
	(0, 0, 0, 1, 0, 0, 0, 1, 1, 0, 0)
	(0, 0, 0, 1, 0, 0, 0, 1, 1, 0, 0)
	(0, 0, 0, 1, 0, 0, 0, 1, 1, 0, 0)
	(0, 0, 0, 1, 0, 0, 0, 1, 1, 0, 0)
	(0, 0, 0, 1, 0, 0, 0, 1, 1, 0, 0)
	(0, 0, 0, 1, 0, 0, 0, 1, 1, 0, 0)
	(0, 0, 0, 1, 0, 0, 0, 1, 1, 0, 0)
	(0, 0, 0, 1, 0, 0, 0, 1, 1, 0, 0)
	(0, 0, 0, 1, 0, 0, 0, 1, 1, 0, 0)
	(0, 0, 0, 1, 0, 0, 0, 1, 1, 0, 0)
	(0, 0, 0, 1, 0, 0, 0, 1, 1, 0, 0)
	(0, 0, 0, 1, 0, 0, 0, 1, 1, 0, 0)
	(0, 0, 0, 1, 0, 0, 0, 1, 1, 0, 0)
('all', (240, 86), (240, 106)):
	(0, 0, 0, 1, 0, 0, 0, 1, 0, 0, 0)
	(0, 0, 0, 1, 0, 0, 0, 1, 1, 0, 0)
	(0, 0, 0, 1, 0, 0, 0, 1, 0, 0, 0)
	(0, 0, 0, 1, 0, 0, 0, 1, 1, 0, 0)
	(0, 0, 0, 1, 0, 0, 0, 1, 0, 0, 0)
	(0, 0, 0, 0, 0, 0, 0, 1, 1, 0, 0)
	(0, 0, 0, 0, 0, 0, 0, 1, 0, 0, 0)
	(0, 0, 0, 0, 0, 0, 0, 1, 1, 0, 0)
	(0, 0, 0, 0, 0, 0, 0, 1, 1, 0, 0)
	(0, 0, 0, 0, 0, 0, 0, 1, 1, 0, 0)
	(0, 0, 0, 0, 0, 0, 0, 1, 1, 0, 0)
	(0, 0, 0, 0, 0, 0, 0, 1, 1, 0, 0)
	(0, 0, 0, 0, 0, 0, 0, 1, 1, 0, 0)
	(0, 0, 0, 0, 0, 0, 0, 1, 1, 0, 0)
	(0, 0, 0, 0, 0, 0, 0, 1, 1, 0, 0)
	(0, 0, 0, 0, 0, 0, 0, 1, 1, 0, 0)
	(0, 0, 0, 0, 0, 0, 0, 1, 1, 0, 0)
	(0, 0, 0, 0, 0, 0, 0, 1, 1, 0, 0)
	(0, 0, 0, 0, 0, 0, 0, 1, 1, 0, 0)
	(0, 0, 0, 0, 0, 0, 0, 1, 1, 0, 0)
	(0, 0, 0, 0, 0, 0, 0, 1, 1, 0, 0)
('all', (163, 100), (163, 120)):
	(0, 0, 0, 1, 0, 0, 0, 1, 1, 0, 0)
	(0, 0, 0, 1, 0, 0, 0, 1, 0, 0, 0)
	(0, 0, 0, 1, 0, 0, 0, 1, 1, 0, 0)
	(0, 0, 0, 1, 0, 0, 0, 1, 0, 0, 0)
	(0, 0, 0, 1, 0, 0, 0, 1, 1, 0, 0)
	(0, 0, 0, 0, 0, 0, 0, 1, 0, 0, 0)
	(0, 0, 0, 0, 0, 0, 0, 1, 1, 0, 0)
	(0, 0, 0, 0, 0, 0, 0, 1, 0, 0, 0)
	(0, 0, 0, 0, 0, 0, 0, 1, 1, 0, 0)
	(0, 0, 0, 0, 0, 0, 0, 1, 0, 0, 0)
	(0, 0, 0, 0, 0, 0, 0, 1, 1, 0, 0)
	(0, 0, 0, 0, 0, 0, 0, 1, 0, 0, 0)
	(0, 0, 0, 0, 0, 0, 0, 1, 1, 0, 0)
	(0, 0, 0, 0, 0, 0, 0, 1, 0, 0, 0)
	(0, 0, 0, 0, 0, 0, 0, 1, 1, 0, 0)
	(0, 0, 0, 0, 0, 0, 0, 1, 0, 0, 0)
	(0, 0, 0, 0, 0, 0, 0, 1, 0, 0, 0)
	(0, 0, 0, 0, 0, 0, 1, 0, 0, 0, 0)
	(0, 0, 0, 0, 0, 1, 0, 0, 0, 0, 0)
	(0, 0, 0, 0, 0, 1, 0, 0, 0, 0, 0)
	(0, 0, 0, 0, 1, 0, 0, 0, 0, 0, 0)
('all', (397, 11), (397, 31)):
	(0, 0, 0, 1, 0, 0, 0, 1, 0, 0, 0)
	(0, 0, 0, 1, 0, 0, 0, 1, 1, 0, 0)
	(0, 0, 0, 1, 0, 0, 0, 1, 0, 0, 0)
	(0, 0, 0, 0, 0, 0, 0, 1, 1, 0, 0)
	(0, 0, 0, 0, 0, 0, 0, 1, 0, 0, 0)
	(0, 0, 0, 0, 0, 0, 0, 1, 1, 0, 0)
	(0, 0, 0, 0, 0, 0, 0, 1, 0, 0, 0)
	(0, 0, 0, 0, 0, 0, 0, 1, 1, 0, 0)
	(0, 0, 0, 0, 0, 0, 0, 1, 1, 0, 0)
	(0, 0, 0, 0, 0, 0, 0, 1, 1, 0, 0)
	(0, 0, 0, 0, 0, 0, 0, 1, 1, 0, 0)
	(0, 0, 0, 0, 0, 0, 0, 1, 0, 0, 0)
	(0, 0, 0, 0, 0, 0, 0, 1, 0, 0, 0)
	(0, 0, 0, 0, 0, 0, 0, 1, 0, 0, 0)
	(0, 0, 0, 0, 0, 0, 0, 1, 0, 0, 0)
	(0, 0, 0, 0, 0, 0, 0, 1, 0, 0, 0)
	(0, 0, 0, 0, 0, 0, 0, 1, 0, 0, 0)
	(0, 0, 0, 0, 0, 0, 0, 1, 0, 0, 0)
	(0, 0, 0, 0, 0, 0, 0, 1, 0, 0, 0)
	(0, 0, 0, 0, 0, 0, 0, 1, 0, 0, 0)
	(0, 0, 0, 0, 0, 0, 0, 1, 0, 0, 0)
