('all', (356, 1), (356, 24)):
	(0, 0, 0, 0, 1, 0, 0, 0, 0, 0, 0)
	(0, 0, 0, 0, 0, 1, 0, 0, 0, 1, 0)
	(0, 0, 0, 0, 0, 1, 0, 0, 0, 1, 0)
	(0, 0, 0, 0, 0, 1, 0, 0, 0, 1, 0)
	(0, 0, 0, 0, 0, 1, 0, 0, 0, 1, 0)
	(0, 0, 0, 0, 0, 1, 0, 0, 0, 1, 0)
	(0, 0, 0, 0, 0, 1, 0, 0, 0, 1, 0)
	(0, 0, 1, 0, 0, 1, 0, 0, 0, 1, 0)
	(0, 0, 0, 0, 0, 1, 0, 0, 0, 1, 0)
	(0, 0, 0, 0, 0, 0, 1, 0, 0, 1, 0)
	(0, 0, 0, 1, 0, 0, 1, 0, 0, 1, 0)
	(0, 0, 0, 0, 0, 0, 1, 0, 0, 1, 0)
	(0, 0, 0, 0, 0, 1, 0, 0, 0, 1, 0)
	(0, 0, 0, 0, 1, 0, 0, 0, 0, 1, 0)
	(0, 0, 0, 0, 1, 0, 0, 0, 0, 1, 0)
	(0, 0, 0, 0, 1, 0, 0, 0, 0, 1, 0)
	(0, 0, 0, 0, 1, 0, 0, 0, 0, 1, 0)
	(1, 0, 0, 0, 1, 0, 0, 0, 0, 1, 0)
	(1, 0, 0, 0, 1, 0, 0, 0, 0, 1, 0)
	(1, 0, 0, 0, 1, 0, 0, 0, 0, 1, 0)
	(1, 0, 0, 0, 1, 0, 0, 0, 0, 1, 0)
	(1, 0, 0, 0, 1, 0, 0, 0, 0, 1, 0)
	(1, 0, 0, 0, 1, 0, 0, 0, 0, 1, 0)
	(1, 0, 0, 0, 1, 0, 0, 0, 0, 0, 1)
('all', (342, 2), (342, 22)):
	(0, 0, 0, 0, 0, 1, 0, 0, 0, 0, 0)
	(0, 0, 0, 0, 0, 1, 0, 0, 0, 0, 0)
	(0, 0, 0, 0, 0, 1, 0, 0, 0, 1, 0)
	(0, 0, 0, 0, 0, 1, 0, 0, 0, 1, 0)
	(0, 0, 0, 0, 0, 1, 0, 0, 0, 1, 0)
	(0, 0, 0, 0, 0, 1, 0, 0, 0, 1, 0)
	(0, 0, 0, 0, 0, 1, 0, 0, 0, 1, 0)
	(0, 0, 1, 0, 0, 1, 0, 0, 0, 1, 0)
	(0, 0, 0, 0, 0, 1, 0, 0, 0, 1, 0)
	(0, 0, 0, 0, 0, 0, 1, 0, 0, 1, 0)
	(0, 0, 0, 0, 0, 0, 0, 1, 0, 1, 0)
	(0, 0, 0, 0, 0, 0, 1, 0, 0, 1, 0)
	(0, 0, 0, 1, 0, 0, 1, 0, 0, 1, 0)
	(0, 0, 0, 0, 0, 1, 0, 0, 0, 1, 0)
	(0, 0, 0, 0, 0, 1, 0, 0, 0, 1, 0)
	(0, 0, 0, 0, 1, 0, 0, 0, 0, 1, 0)
	(0, 0, 0, 0, 1, 0, 0, 0, 0, 1, 0)
	(0, 0, 0, 0, 0, 1, 0, 0, 0, 1, 0)
	(0, 0, 0, 0, 0, 0, 1, 0, 0, 1, 0)
	(0, 0, 0, 0, 0, 0, 1, 0, 0, 1, 0)
	(0, 0, 0, 0, 0, 0, 0, 1, 0, 0, 1)
('all', (103, 3), (103, 23)):
	(0, 0, 0, 0, 0, 1, 0, 0, 0, 0, 0)
	(0, 0, 0, 0, 0, 1, 0, 0, 0, 1, 0)
	(0, 0, 0, 0, 0, 1, 0, 0, 0, 1, 0)
	(0, 0, 0, 0, 0, 1, 0, 0, 0, 1, 0)
	(0, 0, 0, 0, 0, 1, 0, 0, 0, 1, 0)
	(0, 0, 0, 0, 0, 1, 0, 0, 0, 1, 0)
	(0, 0, 0, 0, 0, 1, 0, 0, 0, 1, 0)
	(0, 0, 1, 0, 0, 1, 0, 0, 0, 1, 0)
	(0, 0, 0, 0, 0, 1, 0, 0, 0, 1, 0)
	(0, 0, 0, 1, 0, 0, 1, 0, 0, 1, 0)
	(0, 0, 0, 0, 0, 0, 1, 0, 0, 1, 0)
	(0, 0, 0, 0, 0, 0, 1, 0, 0, 1, 0)
	(0, 0, 0, 0, 0, 1, 0, 0, 0, 1, 0)
	(0, 0, 0, 0, 1, 0, 0, 0, 0, 1, 0)
	(0, 0, 0, 0, 1, 0, 0, 0, 0, 1, 0)
	(1, 0, 0, 0, 1, 0, 0, 0, 0, 1, 0)
	(1, 0, 0, 0, 1, 0, 0, 0, 0, 1, 0)
	(1, 0, 0, 0, 1, 0, 0, 0, 0, 1, 0)
	(1, 0, 0, 0, 1, 0, 0, 0, 0, 1, 0)
	(1, 0, 0, 0, 1, 0, 0, 0, 0, 1, 0)
	(1, 0, 0, 0, 1, 0, 0, 0, 0, 0, 1)
('all', (92, 5), (92, 25)):
	(0, 0, 0, 0, 0, 1, 0, 0, 0, 0, 0)
	(1, 0, 0, 0, 0, 1, 0, 0, 0, 0, 0)
	(0, 0, 0, 0, 0, 1, 0, 0, 0, 0, 0)
	(0, 0, 0, 0, 0, 1, 0, 0, 0, 1, 0)
	(0, 0, 0, 0, 0, 1, 0, 0, 0, 1, 0)
	(0, 0, 0, 0, 0, 1, 0, 0, 0, 1, 0)
	(0, 0, 0, 0, 0, 1, 0, 0, 0, 1, 0)
	(0, 0, 1, 0, 0, 1, 0, 0, 0, 1, 0)
	(0, 0, 0, 0, 0, 1, 0, 0, 0, 1, 0)
	(0, 0, 0, 0, 0, 0, 1, 0, 0, 1, 0)
	(0, 0, 0, 0, 0, 0, 1, 0, 0, 1, 0)
	(0, 0, 0, 0, 0, 0, 1, 0, 0, 1, 0)
	(0, 0, 0, 0, 0, 1, 0, 0, 0, 1, 0)
	(0, 0, 0, 0, 1, 0, 0, 0, 0, 1, 0)
	(1, 0, 0, 0, 1, 0, 0, 0, 0, 1, 0)
	(1, 0, 0, 0, 1, 0, 0, 0, 0, 1, 0)
	(1, 0, 0, 0, 1, 0, 0, 0, 0, 1, 0)
	(1, 0, 0, 0, 1, 0, 0, 0, 0, 1, 0)
	(1, 0, 0, 0, 1, 0, 0, 0, 0, 1, 0)
	(0, 0, 0, 0, 1, 0, 0, 0, 0, 1, 0)
	(1, 0, 0, 0, 0, 1, 0, 0, 0, 1, 1)
