('all', (88, 65), (88, 85)):
	(1, 0, 0, 0, 0, 1, 0, 0, 1, 0, 0)
	(1, 0, 0, 0, 0, 1, 0, 0, 1, 0, 0)
	(1, 0, 0, 0, 0, 1, 0, 0, 1, 0, 0)
	(1, 0, 0, 0, 0, 1, 0, 0, 1, 0, 0)
	(1, 0, 0, 0, 0, 1, 0, 0, 1, 0, 0)
	(1, 0, 0, 0, 0, 1, 0, 0, 1, 0, 0)
	(1, 0, 0, 0, 0, 1, 0, 0, 1, 0, 0)
	(1, 0, 0, 0, 0, 1, 0, 0, 1, 0, 0)
	(1, 0, 0, 0, 0, 1, 0, 0, 1, 0, 0)
	(1, 0, 0, 0, 0, 1, 0, 0, 1, 0, 0)
	(1, 0, 0, 0, 0, 1, 0, 0, 1, 0, 0)
	(1, 0, 0, 0, 0, 1, 0, 0, 1, 0, 0)
	(1, 0, 0, 0, 0, 1, 0, 0, 1, 0, 0)
	(1, 0, 0, 0, 0, 1, 0, 0, 1, 0, 0)
	(1, 0, 0, 0, 0, 1, 0, 0, 1, 0, 0)
	(1, 0, 0, 0, 0, 1, 0, 0, 1, 0, 0)
	(1, 0, 0, 0, 0, 1, 0, 0, 1, 0, 0)
	(1, 0, 0, 0, 0, 1, 0, 0, 1, 0, 0)
	(1, 0, 0, 0, 0, 1, 0, 0, 1, 0, 0)
	(1, 0, 0, 0, 0, 1, 0, 0, 1, 0, 0)
	(1, 0, 0, 0, 0, 1, 0, 0, 1, 0, 0)
('all', (151, 0), (151, 20)):
	(1, 0, 0, 0, 0, 1, 0, 0, 0, 0, 0)
	(1, 0, 0, 0, 0, 1, 0, 0, 0, 0, 0)
	(1, 0, 0, 0, 0, 1, 0, 0, 0, 0, 0)
	(1, 0, 0, 0, 0, 1, 0, 0, 0, 0, 0)
	(1, 0, 0, 0, 0, 1, 0, 0, 0, 0, 0)
	(0, 0, 0, 0, 0, 1, 0, 0, 0, 0, 0)
	(0, 0, 0, 0, 0, 0, 1, 0, 0, 0, 0)
	(0, 0, 0, 0, 0, 0, 1, 0, 0, 0, 0)
	(0, 0, 0, 0, 0, 0, 1, 0, 0, 0, 0)
	(0, 0, 0, 0, 0, 0, 0, 1, 0, 1, 0)
	(0, 0, 0, 0, 0, 0, 0, 1, 0, 1, 0)
	(0, 0, 0, 0, 0, 0, 0, 1, 0, 1, 0)
	(0, 0, 0, 0, 0, 0, 0, 1, 0, 1, 0)
	(0, 0, 0, 0, 0, 0, 0, 1, 0, 1, 0)
	(0, 0, 0, 0, 0, 0, 0, 1, 0, 1, 0)
	(0, 0, 0, 0, 0, 0, 0, 1, 0, 1, 0)
	(0, 0, 0, 0, 0, 0, 0, 1, 0, 1, 0)
	(0, 0, 0, 1, 0, 0, 0, 1, 0, 1, 0)
	(0, 0, 0, 1, 0, 0, 0, 1, 0, 1, 0)
	(0, 0, 0, 1, 0, 0, 0, 1, 0, 1, 0)
	(0, 0, 0, 0, 0, 0, 0, 1, 0, 1, 0)
('all', (112, 85), (112, 105)):
	(1, 0, 0, 0, 0, 1, 0, 0, 1, 0, 0)
	(1, 0, 0, 0, 0, 1, 0, 0, 1, 0, 0)
	(1, 0, 0, 0, 0, 1, 0, 0, 1, 0, 0)
	(1, 0, 0, 0, 0, 1, 0, 0, 1, 0, 0)
	(1, 0, 0, 0, 0, 1, 0, 0, 1, 0, 0)
	(0, 0, 0, 0, 0, 1, 0, 0, 1, 0, 0)
	(0, 0, 0, 0, 0, 1, 0, 0, 1, 0, 0)
	(0, 0, 0, 0, 1, 0, 0, 0, 1, 0, 0)
	(0, 0, 0, 0, 1, 0, 0, 0, 1, 0, 0)
	(0, 0, 0, 0, 1, 0, 0, 0, 0, 0, 0)
	(1, 0, 0, 0, 1, 0, 0, 0, 0, 0, 0)
	(1, 0, 0, 0, 1, 0, 0, 0, 1, 0, 0)
	(1, 0, 0, 0, 1, 0, 0, 0, 1, 0, 0)
	(1, 0, 0, 0, 1, 0, 0, 0, 1, 0, 0)
	(1, 0, 0, 0, 1, 0, 0, 0, 1, 0, 0)
	(1, 0, 0, 0, 1, 0, 0, 0, 1, 0, 0)
	(1, 0, 0, 0, 1, 0, 0, 0, 1, 0, 0)
	(1, 0, 0, 0, 1, 0, 0, 0, 1, 0, 0)
	(1, 0, 0, 0, 1, 0, 0, 0, 1, 0, 0)
	(1, 0, 0, 0, 1, 0, 0, 0, 1, 0, 0)
	(1, 0, 0, 0, 1, 0, 0, 0, 1, 0, 0)
('all', (116, 120), (116, 140)):
	(1, 0, 0, 0, 0, 1, 0, 0, 0, 0, 0)
	(0, 0, 0, 0, 0, 0, 1, 0, 0, 0, 0)
	(0, 0, 0, 0, 0, 0, 1, 0, 0, 0, 0)
	(0, 0, 0, 0, 0, 0, 1, 0, 0, 0, 0)
	(0, 0, 0, 0, 0, 0, 0, 1, 0, 0, 0)
	(0, 0, 0, 0, 0, 0, 0, 1, 0, 0, 0)
	(0, 0, 0, 1, 0, 0, 0, 1, 0, 0, 0)
	(0, 0, 0, 1, 0, 0, 0, 1, 0, 0, 0)
	(0, 0, 0, 1, 0, 0, 0, 1, 0, 0, 0)
	(0, 0, 0, 1, 0, 0, 0, 1, 0, 0, 0)
	(0, 0, 0, 1, 0, 0, 0, 1, 1, 0, 0)
	(0, 0, 0, 0, 0, 0, 0, 1, 0, 0, 0)
	(0, 0, 0, 0, 0, 0, 0, 1, 0, 0, 0)
	(0, 0, 0, 0, 0, 0, 0, 1, 1, 0, 0)
	(0, 0, 0, 0, 0, 0, 0, 1, 0, 0, 0)
	(0, 0, 0, 0, 0, 0, 0, 1, 1, 0, 0)
	(0, 0, 0, 0, 0, 0, 0, 1, 0, 0, 0)
	(0, 0, 0, 0, 0, 0, 0, 1, 1, 0, 0)
	(0, 0, 0, 0, 0, 0, 0, 1, 1, 0, 0)
	(0, 0, 0, 0, 0, 0, 0, 1, 1, 0, 0)
	(0, 0, 0, 0, 0, 0, 0, 1, 1, 0, 0)
