('all', (55, 30), (55, 50)):
	(0, 0, 0, 0, 0, 0, 1, 0, 1, 0, 0)
	(0, 0, 0, 0, 0, 0, 1, 0, 0, 0, 0)
	(0, 0, 0, 0, 0, 0, 1, 0, 1, 0, 0)
	(0, 0, 0, 0, 0, 0, 1, 0, 0, 0, 0)
	(0, 0, 0, 0, 0, 0, 1, 0, 1, 0, 0)
	(0, 0, 0, 0, 0, 0, 1, 0, 0, 0, 0)
	(0, 0, 0, 0, 0, 0, 1, 0, 1, 0, 0)
	(0, 0, 0, 1, 0, 0, 1, 0, 0, 0, 0)
	(0, 0, 0, 1, 0, 0, 1, 0, 1, 0, 0)
	(0, 0, 0, 1, 0, 0, 1, 0, 1, 0, 0)
	(0, 0, 0, 1, 0, 0, 1, 0, 1, 0, 0)
	(0, 0, 0, 1, 0, 0, 1, 0, 0, 0, 0)
	(0, 0, 0, 0, 0, 0, 1, 0, 0, 0, 0)
	(0, 0, 0, 0, 0, 0, 1, 0, 0, 0, 0)
	(0, 0, 0, 0, 0, 0, 1, 0, 0, 0, 0)
	(0, 0, 0, 0, 0, 0, 1, 0, 1, 0, 0)
	(0, 0, 0, 0, 0, 0, 1, 0, 0, 0, 0)
	(0, 0, 0, 0, 0, 0, 1, 0, 1, 0, 0)
	(0, 0, 0, 0, 0, 0, 1, 0, 0, 0, 0)
	(0, 0, 0, 0, 0, 0, 1, 0, 1, 0, 0)
	(0, 0, 0, 0, 0, 0, 1, 0, 0, 0, 0)
('all', (308, 28), (308, 48)):
	(0, 0, 0, 0, 0, 0, 1, 0, 1, 0, 0)
	(0, 0, 0, 0, 0, 0, 1, 0, 1, 0, 0)
	(0, 0, 0, 0, 0, 0, 1, 0, 1, 0, 0)
	(0, 0, 0, 0, 0, 0, 1, 0, 1, 0, 0)
	(0, 0, 0, 0, 0, 0, 1, 0, 1, 0, 0)
	(0, 0, 0, 0, 0, 0, 1, 0, 1, 0, 0)
	(0, 0, 0, 0, 0, 0, 1, 0, 0, 0, 0)
	(0, 0, 0, 1, 0, 0, 1, 0, 0, 0, 0)
	(0, 0, 0, 1, 0, 0, 1, 0, 0, 1, 0)
	(0, 0, 0, 0, 0, 0, 1, 0, 0, 1, 0)
	(0, 0, 0, 0, 0, 0, 1, 0, 0, 1, 0)
	(0, 0, 0, 0, 0, 0, 1, 0, 0, 1, 0)
	(0, 0, 0, 0, 0, 0, 1, 0, 0, 0, 0)
	(0, 0, 0, 0, 0, 0, 1, 0, 1, 0, 0)
	(0, 0, 0, 0, 0, 0, 1, 0, 0, 0, 0)
	(0, 0, 0, 0, 0, 0, 1, 0, 1, 0, 0)
	(0, 0, 0, 0, 0, 0, 1, 0, 0, 0, 0)
	(0, 0, 0, 0, 0, 0, 1, 0, 1, 0, 0)
	(0, 0, 0, 0, 0, 0, 1, 0, 0, 0, 0)
	(0, 0, 0, 0, 0, 0, 1, 0, 1, 0, 0)
	(0, 0, 0, 0, 0, 0, 1, 0, 0, 0, 0)
('all', (250, 0), (250, 20)):
	(0, 0, 0, 0, 0, 0, 0, 1, 0, 0, 0)
	(0, 0, 0, 0, 0, 0, 0, 1, 0, 1, 0)
	(0, 0, 0, 0, 0, 0, 0, 1, 0, 1, 0)
	(0, 0, 0, 0, 0, 0, 0, 1, 0, 1, 0)
	(0, 0, 0, 0, 0, 0, 1, 0, 0, 1, 0)
	(0, 0, 0, 0, 0, 0, 1, 0, 0, 0, 0)
	(0, 0, 0, 1, 0, 0, 1, 0, 1, 0, 0)
	(0, 0, 0, 1, 0, 0, 1, 0, 0, 0, 0)
	(0, 0, 0, 0, 0, 0, 1, 0, 1, 0, 0)
	(0, 0, 0, 0, 0, 0, 1, 0, 0, 0, 0)
	(0, 0, 0, 0, 0, 0, 1, 0, 0, 0, 0)
	(0, 0, 0, 0, 0, 0, 1, 0, 0, 1, 0)
	(0, 0, 0, 0, 0, 0, 0, 1, 0, 1, 0)
	(0, 0, 0, 0, 0, 0, 0, 1, 0, 1, 0)
	(0, 0, 0, 0, 0, 0, 0, 1, 0, 0, 0)
	(0, 0, 0, 0, 0, 0, 0, 1, 1, 0, 0)
	(0, 0, 0, 0, 0, 0, 0, 1, 0, 0, 0)
	(0, 0, 0, 0, 0, 0, 0, 1, 1, 0, 0)
	(0, 0, 0, 0, 0, 0, 0, 1, 0, 0, 0)
	(0, 0, 0, 0, 0, 0, 0, 1, 1, 0, 0)
	(0, 0, 0, 0, 0, 0, 0, 1, 0, 0, 0)
('all', (324, 33), (324, 53)):
	(0, 0, 0, 0, 0, 0, 1, 0, 1, 0, 0)
	(0, 0, 0, 0, 0, 0, 1, 0, 1, 0, 0)
	(0, 0, 0, 0, 0, 0, 1, 0, 1, 0, 0)
	(0, 0, 0, 0, 0, 0, 1, 0, 1, 0, 0)
	(0, 0, 0, 0, 0, 0, 1, 0, 1, 0, 0)
	(0, 0, 0, 0, 0, 0, 1, 0, 1, 0, 0)
	(0, 0, 0, 0, 0, 0, 1, 0, 1, 0, 0)
	(0, 0, 0, 1, 0, 0, 1, 0, 1, 0, 0)
	(0, 0, 0, 1, 0, 0, 1, 0, 1, 0, 0)
	(0, 0, 0, 1, 0, 0, 1, 0, 1, 0, 0)
	(0, 0, 0, 1, 0, 0, 1, 0, 1, 0, 0)
	(0, 0, 0, 1, 0, 0, 1, 0, 1, 0, 0)
	(0, 0, 0, 1, 0, 0, 1, 0, 1, 0, 0)
	(0, 0, 0, 1, 0, 0, 1, 0, 1, 0, 0)
	(0, 0, 0, 1, 0, 0, 1, 0, 1, 0, 0)
	(0, 0, 0, 1, 0, 0, 1, 0, 1, 0, 0)
	(0, 0, 0, 1, 0, 0, 1, 0, 1, 0, 0)
	(0, 0, 0, 1, 0, 0, 1, 0, 1, 0, 0)
	(0, 0, 0, 1, 0, 0, 1, 0, 1, 0, 0)
	(0, 0, 0, 1, 0, 0, 1, 0, 1, 0, 0)
	(0, 0, 0, 1, 0, 0, 1, 0, 1, 0, 0)
