('all', (326, 41), (326, 61)):
	(0, 0, 0, 0, 0, 0, 0, 1, 0, 1, 0)
	(0, 0, 0, 1, 0, 0, 0, 1, 0, 1, 0)
	(0, 0, 0, 1, 0, 0, 0, 1, 0, 0, 0)
	(0, 0, 0, 0, 0, 0, 0, 1, 0, 0, 0)
	(0, 0, 0, 0, 0, 0, 0, 1, 0, 0, 0)
	(0, 0, 0, 0, 0, 0, 0, 1, 0, 0, 0)
	(0, 0, 0, 0, 0, 0, 0, 1, 0, 0, 0)
	(1, 0, 0, 1, 0, 0, 0, 1, 0, 0, 0)
	(1, 0, 0, 1, 0, 0, 0, 1, 0, 0, 0)
	(1, 0, 0, 1, 0, 0, 0, 1, 0, 0, 0)
	(1, 0, 0, 0, 0, 0, 0, 1, 0, 0, 0)
	(0, 0, 0, 0, 0, 0, 0, 1, 0, 0, 0)
	(0, 0, 0, 0, 0, 0, 1, 0, 0, 0, 0)
	(0, 1, 0, 0, 0, 1, 0, 0, 0, 0, 0)
	(0, 0, 0, 0, 0, 1, 0, 0, 0, 0, 0)
	(0, 0, 0, 0, 1, 0, 0, 0, 0, 0, 0)
	(0, 0, 0, 0, 1, 0, 0, 0, 0, 0, 0)
	(0, 0, 0, 0, 1, 0, 0, 0, 0, 0, 0)
	(0, 0, 0, 0, 1, 0, 0, 0, 0, 0, 0)
	(0, 0, 0, 0, 1, 0, 0, 0, 0, 0, 0)
	(0, 0, 1, 0, 1, 0, 0, 0, 0, 0, 0)
('all', (306, 14), (306, 34)):
	(0, 0, 0, 0, 0, 0, 0, 1, 1, 0, 0)
	(0, 0, 0, 0, 0, 0, 0, 1, 1, 0, 0)
	(0, 0, 0, 0, 0, 0, 0, 1, 1, 0, 0)
	(0, 0, 0, 0, 0, 0, 0, 1, 1, 0, 0)
	(0, 0, 0, 0, 0, 0, 0, 1, 1, 0, 0)
	(0, 0, 0, 0, 0, 0, 0, 1, 1, 0, 0)
	(0, 0, 0, 0, 0, 0, 0, 1, 1, 0, 0)
	(1, 0, 0, 0, 0, 0, 0, 1, 1, 0, 0)
	(0, 0, 0, 0, 0, 0, 0, 1, 1, 0, 0)
	(0, 0, 0, 0, 0, 0, 1, 0, 1, 0, 0)
	(0, 1, 0, 0, 0, 1, 0, 0, 1, 0, 0)
	(0, 0, 0, 0, 0, 1, 0, 0, 1, 0, 0)
	(0, 0, 0, 0, 1, 0, 0, 0, 1, 0, 0)
	(1, 0, 0, 0, 1, 0, 0, 0, 1, 0, 0)
	(0, 0, 0, 0, 1, 0, 0, 0, 1, 0, 0)
	(0, 0, 0, 0, 1, 0, 0, 0, 1, 0, 0)
	(0, 0, 0, 0, 1, 0, 0, 0, 1, 0, 0)
	(0, 0, 0, 0, 1, 0, 0, 0, 1, 0, 0)
	(0, 0, 0, 0, 1, 0, 0, 0, 1, 0, 0)
	(0, 0, 0, 0, 1, 0, 0, 0, 1, 0, 0)
	(0, 0, 0, 0, 1, 0, 0, 0, 1, 0, 0)
('all', (255, 2), (255, 22)):
	(0, 0, 0, 0, 0, 0, 0, 1, 0, 0, 0)
	(0, 0, 0, 0, 0, 0, 0, 1, 0, 0, 0)
	(0, 0, 0, 0, 0, 0, 0, 1, 1, 0, 0)
	(0, 0, 0, 0, 0, 0, 0, 1, 0, 0, 0)
	(0, 0, 0, 0, 0, 0, 0, 1, 0, 0, 0)
	(0, 0, 0, 0, 0, 0, 0, 1, 0, 0, 0)
	(0, 0, 0, 0, 0, 0, 0, 1, 0, 0, 0)
	(1, 0, 0, 0, 0, 0, 0, 1, 0, 0, 0)
	(0, 0, 0, 0, 0, 0, 0, 1, 0, 0, 0)
	(0, 0, 0, 0, 0, 0, 1, 0, 0, 0, 0)
	(1, 0, 0, 0, 0, 1, 0, 0, 0, 0, 0)
	(0, 0, 0, 0, 0, 1, 0, 0, 0, 0, 0)
	(0, 0, 0, 0, 1, 0, 0, 0, 0, 0, 0)
	(0, 0, 0, 0, 1, 0, 0, 0, 0, 0, 0)
	(0, 0, 0, 0, 1, 0, 0, 0, 0, 0, 0)
	(0, 0, 1, 0, 1, 0, 0, 0, 0, 0, 0)
	(0, 0, 1, 0, 1, 0, 0, 0, 0, 0, 0)
	(0, 0, 0, 0, 1, 0, 0, 0, 0, 0, 0)
	(0, 0, 0, 0, 1, 0, 0, 0, 0, 0, 0)
	(0, 0, 0, 0, 1, 0, 0, 0, 0, 0, 0)
	(0, 0, 1, 0, 1, 0, 0, 0, 0, 0, 0)
('all', (182, 3), (182, 23)):
	(0, 0, 0, 0, 0, 0, 0, 1, 0, 0, 0)
	(0, 0, 0, 0, 0, 0, 0, 1, 1, 0, 0)
	(0, 0, 0, 0, 0, 0, 0, 1, 0, 0, 0)
	(0, 0, 0, 0, 0, 0, 0, 1, 0, 0, 0)
	(0, 0, 0, 0, 0, 0, 0, 1, 0, 0, 0)
	(0, 0, 0, 0, 0, 0, 0, 1, 0, 0, 0)
	(0, 0, 0, 0, 0, 0, 0, 1, 0, 0, 0)
	(1, 0, 0, 0, 0, 0, 0, 1, 0, 0, 0)
	(0, 0, 0, 0, 0, 0, 0, 1, 0, 0, 0)
	(1, 0, 0, 0, 0, 0, 1, 0, 0, 0, 0)
	(0, 0, 0, 0, 0, 1, 0, 0, 0, 0, 0)
	(0, 0, 0, 0, 0, 1, 0, 0, 0, 0, 0)
	(0, 0, 0, 0, 1, 0, 0, 0, 0, 0, 0)
	(0, 0, 1, 0, 1, 0, 0, 0, 0, 0, 0)
	(0, 0, 1, 0, 1, 0, 0, 0, 0, 0, 0)
	(0, 0, 0, 0, 1, 0, 0, 0, 0, 0, 0)
	(0, 0, 0, 0, 1, 0, 0, 0, 0, 0, 0)
	(0, 0, 0, 0, 1, 0, 0, 0, 0, 0, 0)
	(0, 0, 0, 0, 1, 0, 0, 0, 0, 0, 0)
	(0, 0, 0, 0, 1, 0, 0, 0, 0, 0, 0)
	(0, 0, 0, 0, 1, 0, 0, 0, 0, 0, 0)
