('all', (109, 32), (109, 52)):
	(0, 0, 1, 1, 0, 1, 0, 0, 1, 0, 0)
	(0, 0, 1, 1, 0, 1, 0, 0, 1, 0, 0)
	(0, 0, 1, 1, 0, 1, 0, 0, 1, 0, 0)
	(0, 0, 1, 1, 0, 1, 0, 0, 1, 0, 0)
	(0, 0, 1, 1, 0, 1, 0, 0, 1, 0, 0)
	(0, 0, 1, 0, 0, 1, 0, 0, 1, 0, 0)
	(0, 0, 1, 0, 0, 1, 0, 0, 1, 0, 0)
	(0, 0, 1, 0, 0, 1, 0, 0, 1, 0, 0)
	(0, 0, 1, 0, 0, 1, 0, 0, 1, 0, 0)
	(0, 0, 0, 0, 0, 1, 0, 0, 1, 0, 0)
	(0, 0, 0, 0, 0, 1, 0, 0, 0, 0, 0)
	(0, 0, 0, 0, 0, 1, 0, 0, 1, 0, 0)
	(0, 0, 0, 0, 0, 1, 0, 0, 0, 0, 0)
	(0, 0, 0, 0, 0, 1, 0, 0, 1, 0, 0)
	(0, 0, 0, 0, 0, 1, 0, 0, 0, 0, 0)
	(0, 0, 0, 0, 0, 1, 0, 0, 0, 0, 0)
	(0, 0, 0, 0, 0, 1, 0, 0, 0, 0, 0)
	(0, 0, 0, 0, 0, 1, 0, 0, 0, 0, 0)
	(0, 0, 0, 0, 1, 0, 0, 0, 0, 1, 0)
	(0, 0, 0, 0, 1, 0, 0, 0, 0, 1, 0)
	(0, 0, 0, 0, 1, 0, 0, 0, 0, 1, 0)
('all', (393, 44), (393, 64)):
	(0, 0, 0, 1, 0, 1, 0, 0, 1, 0, 0)
	(0, 0, 0, 1, 0, 1, 0, 0, 1, 0, 0)
	(0, 0, 0, 1, 0, 1, 0, 0, 1, 0, 0)
	(0, 0, 0, 1, 0, 1, 0, 0, 1, 0, 0)
	(0, 0, 0, 1, 0, 1, 0, 0, 1, 0, 0)
	(0, 0, 0, 1, 0, 1, 0, 0, 1, 0, 0)
	(0, 0, 0, 1, 0, 1, 0, 0, 1, 0, 0)
	(0, 0, 0, 1, 0, 1, 0, 0, 1, 0, 0)
	(0, 0, 0, 1, 0, 1, 0, 0, 1, 0, 0)
	(0, 0, 0, 1, 0, 1, 0, 0, 1, 0, 0)
	(0, 0, 0, 0, 0, 1, 0, 0, 1, 0, 0)
	(0, 0, 0, 0, 0, 1, 0, 0, 1, 0, 0)
	(0, 0, 0, 0, 0, 1, 0, 0, 1, 0, 0)
	(0, 0, 0, 0, 0, 1, 0, 0, 1, 0, 0)
	(0, 0, 0, 0, 0, 1, 0, 0, 1, 0, 0)
	(0, 0, 0, 0, 0, 1, 0, 0, 1, 0, 0)
	(0, 0, 0, 0, 0, 1, 0, 0, 1, 0, 0)
	(0, 0, 0, 0, 0, 1, 0, 0, 1, 0, 0)
	(0, 0, 0, 0, 0, 1, 0, 0, 1, 0, 0)
	(0, 0, 0, 0, 0, 1, 0, 0, 1, 0, 0)
	(0, 0, 0, 0, 0, 1, 0, 0, 1, 0, 0)
('all', (1, 106), (1, 126)):
	(0, 0, 0, 1, 0, 1, 0, 0, 1, 0, 0)
	(0, 0, 0, 1, 0, 1, 0, 0, 1, 0, 0)
	(0, 0, 0, 1, 0, 1, 0, 0, 1, 0, 0)
	(0, 0, 0, 1, 0, 1, 0, 0, 1, 0, 0)
	(0, 0, 0, 1, 0, 1, 0, 0, 1, 0, 0)
	(0, 0, 0, 1, 0, 1, 0, 0, 1, 0, 0)
	(0, 0, 0, 1, 0, 1, 0, 0, 1, 0, 0)
	(0, 0, 0, 1, 0, 1, 0, 0, 1, 0, 0)
	(0, 0, 0, 1, 0, 1, 0, 0, 1, 0, 0)
	(0, 0, 0, 1, 0, 1, 0, 0, 1, 0, 0)
	(0, 0, 0, 1, 0, 1, 0, 0, 1, 0, 0)
	(0, 0, 0, 1, 0, 1, 0, 0, 1, 0, 0)
	(0, 0, 0, 1, 0, 1, 0, 0, 1, 0, 0)
	(0, 0, 0, 1, 0, 1, 0, 0, 1, 0, 0)
	(0, 0, 0, 1, 0, 1, 0, 0, 1, 0, 0)
	(0, 0, 0, 1, 0, 1, 0, 0, 1, 0, 0)
	(0, 0, 0, 0, 0, 1, 0, 0, 1, 0, 0)
	(0, 0, 0, 0, 0, 1, 0, 0, 1, 0, 0)
	(0, 0, 0, 0, 0, 1, 0, 0, 1, 0, 0)
	(0, 0, 0, 0, 0, 1, 0, 0, 1, 0, 0)
	(0, 0, 0, 0, 0, 1, 0, 0, 1, 0, 0)
('all', (24, 36), (24, 56)):
	(0, 0, 0, 1, 0, 1, 0, 0, 1, 0, 0)
	(0, 0, 0, 1, 0, 1, 0, 0, 1, 0, 0)
	(0, 0, 0, 1, 0, 1, 0, 0, 1, 0, 0)
	(0, 0, 0, 1, 0, 1, 0, 0, 1, 0, 0)
	(0, 0, 0, 1, 0, 1, 0, 0, 1, 0, 0)
	(0, 0, 0, 0, 0, 1, 0, 0, 0, 0, 0)
	(0, 0, 0, 0, 0, 1, 0, 0, 1, 0, 0)
	(0, 0, 0, 0, 0, 1, 0, 0, 1, 0, 0)
	(0, 0, 0, 0, 0, 0, 1, 0, 1, 0, 0)
	(0, 0, 0, 0, 0, 0, 1, 0, 1, 0, 0)
	(0, 0, 0, 0, 0, 0, 1, 0, 1, 0, 0)
	(0, 0, 0, 0, 0, 0, 1, 0, 1, 0, 0)
	(0, 0, 0, 0, 0, 0, 1, 0, 1, 0, 0)
	(0, 0, 0, 0, 0, 0, 1, 0, 1, 0, 0)
	(0, 0, 0, 0, 0, 0, 1, 0, 1, 0, 0)
	(0, 0, 0, 0, 0, 0, 1, 0, 1, 0, 0)
	(0, 0, 0, 0, 0, 0, 1, 0, 1, 0, 0)
	(0, 0, 0, 0, 0, 0, 1, 0, 1, 0, 0)
	(0, 0, 0, 0, 0, 0, 1, 0, 0, 0, 0)
	(0, 0, 0, 0, 0, 0, 1, 0, 0, 0, 0)
	(0, 0, 0, 0, 0, 0, 1, 0, 0, 1, 0)
