('all', (13, 63), (13, 83)):
	(0, 0, 0, 1, 0, 0, 0, 1, 1, 0, 0)
	(0, 0, 0, 1, 0, 0, 0, 1, 1, 0, 0)
	(0, 0, 0, 1, 0, 0, 0, 1, 1, 0, 0)
	(0, 0, 0, 1, 0, 0, 0, 1, 1, 0, 0)
	(0, 0, 0, 1, 0, 0, 0, 1, 1, 0, 0)
	(0, 0, 0, 1, 0, 0, 0, 1, 1, 0, 0)
	(0, 0, 0, 1, 0, 0, 0, 1, 1, 0, 0)
	(0, 0, 0, 1, 0, 0, 0, 1, 1, 0, 0)
	(0, 0, 0, 1, 0, 0, 0, 1, 1, 0, 0)
	(0, 0, 0, 1, 0, 0, 0, 1, 1, 0, 0)
	(0, 0, 0, 1, 0, 0, 0, 1, 1, 0, 0)
	(0, 0, 0, 1, 0, 0, 0, 1, 1, 0, 0)
	(0, 0, 0, 1, 0, 0, 0, 1, 1, 0, 0)
	(0, 0, 0, 1, 0, 0, 0, 1, 1, 0, 0)
	(0, 0, 0, 1, 0, 0, 0, 1, 1, 0, 0)
	(0, 0, 0, 1, 0, 0, 0, 1, 1, 0, 0)
	(0, 0, 0, 1, 0, 0, 0, 1, 1, 0, 0)
	(0, 0, 0, 1, 0, 0, 0, 1, 1, 0, 0)
	(0, 0, 0, 1, 0, 0, 0, 1, 1, 0, 0)
	(0, 0, 0, 1, 0, 0, 0, 1, 1, 0, 0)
	(0, 0, 0, 1, 0, 0, 0, 1, 1, 0, 0)
('all', (82, 94), (82, 114)):
	(0, 0, 0, 1, 0, 0, 0, 1, 1, 0, 0)
	(0, 0, 0, 1, 0, 0, 0, 1, 1, 0, 0)
	(0, 0, 0, 1, 0, 0, 0, 1, 1, 0, 0)
	(0, 0, 0, 1, 0, 0, 0, 1, 1, 0, 0)
	(0, 0, 0, 1, 0, 0, 0, 1, 1, 0, 0)
	(0, 0, 0, 1, 0, 0, 0, 1, 1, 0, 0)
	(0, 0, 0, 1, 0, 0, 0, 1, 1, 0, 0)
	(0, 0, 0, 1, 0, 0, 0, 1, 1, 0, 0)
	(0, 0, 0, 1, 0, 0, 0, 1, 1, 0, 0)
	(0, 0, 0, 1, 0, 0, 0, 1, 1, 0, 0)
	(0, 0, 0, 1, 0, 0, 0, 1, 1, 0, 0)
	(0, 0, 0, 1, 0, 0, 0, 1, 1, 0, 0)
	(0, 0, 0, 1, 0, 0, 0, 1, 1, 0, 0)
	(0, 0, 0, 1, 0, 0, 0, 1, 1, 0, 0)
	(0, 0, 0, 1, 0, 0, 0, 1, 1, 0, 0)
	(0, 0, 0, 1, 0, 0, 0, 1, 1, 0, 0)
	(0, 0, 0, 1, 0, 0, 0, 1, 1, 0, 0)
	(0, 0, 0, 1, 0, 0, 0, 1, 1, 0, 0)
	(0, 0, 0, 1, 0, 0, 0, 1, 1, 0, 0)
	(0, 0, 0, 1, 0, 0, 0, 1, 1, 0, 0)
	(0, 0, 0, 1, 0, 0, 0, 1, 1, 0, 0)
('all', (25, 54), (25, 74)):
	(0, 0, 0, 0, 0, 0, 0, 1, 0, 1, 0)
	(0, 0, 0, 0, 0, 0, 0, 1, 0, 1, 0)
	(0, 0, 0, 0, 0, 0, 0, 1, 0, 1, 0)
	(0, 0, 0, 0, 0, 0, 0, 1, 0, 1, 0)
	(0, 0, 0, 0, 0, 0, 0, 1, 0, 1, 0)
	(0, 0, 0, 0, 0, 0, 0, 1, 0, 1, 0)
	(0, 0, 0, 0, 0, 0, 0, 1, 0, 1, 0)
	(0, 0, 0, 0, 0, 0, 0, 1, 0, 1, 0)
	(0, 0, 0, 0, 0, 0, 0, 1, 0, 1, 0)
	(0, 0, 0, 0, 0, 0, 0, 1, 0, 1, 0)
	(0, 0, 0, 0, 0, 0, 0, 1, 0, 1, 0)
	(0, 0, 0, 0, 0, 0, 0, 1, 0, 1, 0)
	(0, 0, 0, 0, 0, 0, 0, 1, 0, 1, 0)
	(0, 0, 0, 0, 0, 0, 0, 1, 0, 1, 0)
	(0, 0, 0, 0, 0, 0, 0, 1, 0, 1, 0)
	(0, 0, 0, 0, 0, 0, 0, 1, 0, 1, 0)
	(0, 0, 0, 0, 0, 0, 0, 1, 0, 1, 0)
	(0, 0, 0, 0, 0, 0, 0, 1, 0, 1, 0)
	(0, 0, 0, 0, 0, 0, 0, 1, 0, 1, 0)
	(0, 0, 0, 0, 0, 0, 0, 1, 0, 1, 0)
	(0, 0, 0, 1, 0, 0, 0, 1, 0, 0, 0)
('all', (87, 89), (87, 109)):
	(1, 0, 0, 1, 0, 0, 0, 1, 1, 0, 0)
	(1, 0, 0, 1, 0, 0, 0, 1, 1, 0, 0)
	(1, 0, 0, 1, 0, 0, 0, 1, 1, 0, 0)
	(1, 0, 0, 1, 0, 0, 0, 1, 1, 0, 0)
	(1, 0, 0, 1, 0, 0, 0, 1, 1, 0, 0)
	(1, 0, 0, 1, 0, 0, 0, 1, 1, 0, 0)
	(1, 0, 0, 1, 0, 0, 0, 1, 1, 0, 0)
	(1, 0, 0, 1, 0, 0, 0, 1, 1, 0, 0)
	(1, 0, 0, 1, 0, 0, 0, 1, 1, 0, 0)
	(1, 0, 0, 1, 0, 0, 0, 1, 1, 0, 0)
	(1, 0, 0, 1, 0, 0, 0, 1, 1, 0, 0)
	(1, 0, 0, 1, 0, 0, 0, 1, 1, 0, 0)
	(1, 0, 0, 1, 0, 0, 0, 1, 1, 0, 0)
	(1, 0, 0, 1, 0, 0, 0, 1, 1, 0, 0)
	(1, 0, 0, 1, 0, 0, 0, 1, 1, 0, 0)
	(1, 0, 0, 1, 0, 0, 0, 1, 1, 0, 0)
	(1, 0, 0, 1, 0, 0, 0, 1, 1, 0, 0)
	(1, 0, 0, 1, 0, 0, 0, 1, 1, 0, 0)
	(1, 0, 0, 1, 0, 0, 0, 1, 1, 0, 0)
	(1, 0, 0, 1, 0, 0, 0, 1, 1, 0, 0)
	(1, 0, 0, 1, 0, 0, 0, 1, 1, 0, 0)
