('all', (97, 7), (97, 76)):
	(1, 0, 0, 0, 0, 0, 1, 0, 0, 1, 0)
	(0, 0, 0, 0, 0, 0, 1, 0, 0, 1, 0)
	(0, 0, 0, 0, 0, 1, 0, 0, 0, 1, 0)
	(0, 0, 0, 0, 0, 1, 0, 0, 0, 1, 0)
	(0, 0, 0, 0, 0, 1, 0, 0, 0, 1, 0)
	(0, 0, 0, 0, 1, 0, 0, 0, 0, 1, 0)
	(0, 0, 0, 0, 1, 0, 0, 0, 0, 1, 0)
	(0, 0, 1, 0, 1, 0, 0, 0, 0, 1, 0)
	(0, 0, 1, 0, 1, 0, 0, 0, 0, 1, 0)
	(0, 0, 1, 0, 1, 0, 0, 0, 0, 1, 0)
	(0, 0, 0, 0, 1, 0, 0, 0, 0, 1, 0)
	(0, 0, 1, 0, 1, 0, 0, 0, 0, 1, 0)
	(0, 0, 0, 0, 1, 0, 0, 0, 0, 1, 0)
	(0, 0, 0, 0, 1, 0, 0, 0, 0, 1, 0)
	(0, 0, 0, 0, 1, 0, 0, 0, 0, 1, 0)
	(0, 0, 0, 0, 1, 0, 0, 0, 0, 1, 0)
	(0, 0, 0, 0, 1, 0, 0, 0, 0, 1, 0)
	(0, 0, 0, 0, 1, 0, 0, 0, 0, 1, 0)
	(0, 0, 0, 0, 1, 0, 0, 0, 0, 1, 0)
	(0, 0, 0, 0, 1, 0, 0, 0, 0, 1, 0)
	(0, 0, 0, 0, 1, 0, 0, 0, 0, 1, 0)
	(0, 0, 0, 0, 1, 0, 0, 0, 0, 1, 0)
	(0, 0, 0, 0, 1, 0, 0, 0, 0, 1, 0)
	(0, 0, 0, 0, 1, 0, 0, 0, 0, 1, 0)
	(0, 0, 0, 0, 1, 0, 0, 0, 0, 1, 0)
	(0, 0, 1, 0, 1, 0, 0, 0, 0, 1, 0)
	(0, 0, 1, 0, 1, 0, 0, 0, 0, 1, 0)
	(0, 0, 0, 0, 1, 0, 0, 0, 0, 1, 0)
	(0, 0, 0, 0, 1, 0, 0, 0, 0, 1, 0)
	(0, 0, 0, 0, 1, 0, 0, 0, 0, 1, 0)
	(0, 0, 0, 0, 1, 0, 0, 0, 0, 0, 0)
	(0, 0, 0, 0, 1, 0, 0, 0, 0, 0, 0)
	(0, 0, 0, 0, 1, 0, 0, 0, 0, 0, 0)
	(0, 0, 0, 0, 1, 0, 0, 0, 0, 0, 0)
	(0, 0, 0, 0, 1, 0, 0, 0, 0, 0, 0)
	(0, 0, 0, 0, 1, 0, 0, 0, 0, 0, 0)
	(0, 0, 0, 0, 1, 0, 0, 0, 0, 0, 0)
	(0, 0, 0, 0, 1, 0, 0, 0, 0, 0, 0)
	(0, 0, 0, 0, 1, 0, 0, 0, 0, 0, 0)
	(0, 0, 0, 0, 1, 0, 0, 0, 0, 0, 0)
	(0, 0, 0, 0, 1, 0, 0, 0, 0, 0, 0)
	(0, 0, 1, 0, 1, 0, 0, 0, 0, 0, 0)
	(0, 0, 1, 0, 1, 0, 0, 0, 0, 0, 0)
	(0, 0, 1, 0, 1, 0, 0, 0, 0, 0, 0)
	(0, 0, 1, 0, 1, 0, 0, 0, 0, 0, 0)
	(0, 0, 0, 0, 1, 0, 0, 0, 0, 0, 0)
	(0, 0, 0, 0, 1, 0, 0, 0, 0, 0, 0)
	(0, 0, 0, 0, 1, 0, 0, 0, 0, 0, 0)
	(0, 0, 0, 0, 1, 0, 0, 0, 0, 0, 0)
	(0, 0, 0, 0, 1, 0, 0, 0, 0, 0, 0)
	(0, 0, 0, 0, 1, 0, 0, 0, 0, 0, 0)
	(0, 0, 0, 0, 1, 0, 0, 0, 0, 0, 0)
	(0, 0, 0, 0, 1, 0, 0, 0, 0, 0, 0)
	(0, 0, 0, 0, 1, 0, 0, 0, 0, 0, 0)
	(0, 0, 0, 0, 1, 0, 0, 0, 0, 0, 0)
	(0, 0, 0, 0, 1, 0, 0, 0, 0, 0, 0)
	(1, 0, 0, 0, 1, 0, 0, 0, 0, 0, 0)
	(1, 0, 0, 0, 1, 0, 0, 0, 0, 0, 0)
	(1, 0, 0, 0, 1, 0, 0, 0, 0, 0, 0)
	(1, 0, 0, 0, 1, 0, 0, 0, 0, 0, 0)
	(1, 0, 0, 0, 1, 0, 0, 0, 0, 0, 0)
	(1, 0, 0, 0, 1, 0, 0, 0, 0, 0, 0)
	(1, 0, 0, 0, 1, 0, 0, 0, 0, 0, 0)
	(1, 0, 0, 0, 1, 0, 0, 0, 0, 0, 0)
	(1, 0, 0, 0, 1, 0, 0, 0, 0, 0, 0)
	(1, 0, 0, 0, 1, 0, 0, 0, 0, 0, 0)
	(1, 0, 0, 0, 1, 0, 0, 0, 0, 0, 0)
	(1, 0, 0, 0, 1, 0, 0, 0, 0, 0, 0)
	(1, 0, 0, 0, 1, 0, 0, 0, 0, 0, 0)
	(1, 0, 0, 0, 1, 0, 0, 0, 0, 0, 1)
('all', (62, 4), (62, 138)):
	(1, 0, 0, 0, 0, 0, 1, 0, 0, 1, 0)
	(0, 0, 0, 0, 0, 0, 1, 0, 0, 1, 0)
	(0, 0, 0, 0, 0, 0, 1, 0, 0, 1, 0)
	(0, 0, 0, 0, 0, 0, 1, 0, 0, 1, 0)
	(0, 0, 0, 0, 0, 0, 1, 0, 0, 1, 0)
	(0, 0, 1, 0, 0, 0, 1, 0, 0, 1, 0)
	(0, 0, 1, 0, 0, 0, 1, 0, 0, 1, 0)
	(0, 0, 0, 0, 0, 0, 1, 0, 0, 1, 0)
	(0, 0, 0, 0, 0, 0, 1, 0, 0, 1, 0)
	(0, 0, 0, 0, 0, 0, 1, 0, 0, 1, 0)
	(0, 0, 0, 0, 0, 0, 1, 0, 0, 1, 0)
	(0, 0, 0, 0, 0, 1, 0, 0, 0, 1, 0)
	(0, 0, 0, 0, 0, 1, 0, 0, 0, 1, 0)
	(0, 0, 0, 0, 0, 1, 0, 0, 0, 1, 0)
	(0, 0, 0, 0, 0, 1, 0, 0, 0, 1, 0)
	(0, 0, 0, 0, 0, 1, 0, 0, 0, 1, 0)
	(0, 0, 0, 0, 0, 1, 0, 0, 0, 1, 0)
	(0, 0, 0, 0, 0, 1, 0, 0, 0, 1, 0)
	(0, 0, 0, 0, 0, 1, 0, 0, 0, 1, 0)
	(0, 0, 0, 0, 0, 1, 0, 0, 0, 1, 0)
	(0, 0, 0, 0, 0, 1, 0, 0, 0, 1, 0)
	(0, 0, 0, 0, 0, 1, 0, 0, 0, 1, 0)
	(0, 0, 0, 0, 1, 0, 0, 0, 0, 1, 0)
	(0, 0, 0, 0, 1, 0, 0, 0, 0, 1, 0)
	(0, 0, 1, 0, 1, 0, 0, 0, 0, 1, 0)
	(0, 0, 1, 0, 1, 0, 0, 0, 0, 1, 0)
	(0, 0, 0, 0, 1, 0, 0, 0, 0, 1, 0)
	(0, 0, 0, 0, 1, 0, 0, 0, 0, 1, 0)
	(0, 0, 0, 0, 1, 0, 0, 0, 0, 1, 0)
	(0, 0, 0, 0, 1, 0, 0, 0, 0, 1, 0)
	(0, 0, 1, 0, 1, 0, 0, 0, 0, 1, 0)
	(0, 0, 1, 0, 1, 0, 0, 0, 0, 1, 0)
	(0, 0, 0, 0, 1, 0, 0, 0, 0, 1, 0)
	(0, 0, 0, 0, 1, 0, 0, 0, 0, 1, 0)
	(0, 0, 0, 0, 1, 0, 0, 0, 0, 1, 0)
	(0, 0, 0, 0, 1, 0, 0, 0, 0, 1, 0)
	(0, 0, 0, 0, 1, 0, 0, 0, 0, 1, 0)
	(0, 0, 0, 0, 1, 0, 0, 0, 0, 1, 0)
	(0, 0, 0, 0, 1, 0, 0, 0, 0, 1, 0)
	(0, 0, 0, 0, 1, 0, 0, 0, 0, 1, 0)
	(0, 0, 0, 0, 1, 0, 0, 0, 0, 1, 0)
	(0, 0, 0, 0, 1, 0, 0, 0, 0, 1, 0)
	(0, 0, 0, 0, 1, 0, 0, 0, 0, 1, 0)
	(0, 0, 0, 0, 1, 0, 0, 0, 0, 1, 0)
	(0, 0, 0, 0, 1, 0, 0, 0, 0, 1, 0)
	(0, 0, 0, 0, 1, 0, 0, 0, 0, 1, 0)
	(0, 0, 1, 0, 1, 0, 0, 0, 0, 1, 0)
	(0, 0, 1, 0, 1, 0, 0, 0, 0, 1, 0)
	(0, 0, 0, 0, 1, 0, 0, 0, 0, 1, 0)
	(0, 0, 0, 0, 1, 0, 0, 0, 0, 1, 0)
	(0, 0, 0, 0, 1, 0, 0, 0, 0, 1, 0)
	(0, 0, 0, 0, 1, 0, 0, 0, 0, 0, 0)
	(0, 0, 0, 0, 1, 0, 0, 0, 0, 0, 0)
	(0, 0, 0, 0, 1, 0, 0, 0, 0, 0, 0)
	(0, 0, 0, 0, 1, 0, 0, 0, 0, 0, 0)
	(0, 0, 0, 0, 1, 0, 0, 0, 0, 0, 0)
	(0, 0, 0, 0, 1, 0, 0, 0, 0, 0, 0)
	(0, 0, 0, 0, 1, 0, 0, 0, 0, 0, 0)
	(0, 0, 0, 0, 1, 0, 0, 0, 0, 1, 0)
	(0, 0, 0, 0, 1, 0, 0, 0, 0, 1, 0)
	(0, 0, 0, 0, 1, 0, 0, 0, 0, 1, 0)
	(0, 0, 0, 0, 1, 0, 0, 0, 0, 1, 0)
	(0, 0, 0, 0, 1, 0, 0, 0, 0, 1, 0)
	(0, 0, 0, 0, 1, 0, 0, 0, 0, 0, 0)
	(0, 0, 0, 0, 1, 0, 0, 0, 0, 0, 0)
	(0, 0, 0, 0, 1, 0, 0, 0, 0, 0, 0)
	(0, 0, 0, 0, 1, 0, 0, 0, 0, 0, 0)
	(0, 0, 0, 0, 1, 0, 0, 0, 0, 0, 0)
	(0, 0, 0, 0, 1, 0, 0, 0, 0, 0, 0)
	(0, 0, 0, 0, 1, 0, 0, 0, 0, 0, 0)
	(0, 0, 0, 0, 1, 0, 0, 0, 0, 0, 0)
	(0, 0, 0, 0, 1, 0, 0, 0, 0, 0, 0)
	(0, 0, 1, 0, 1, 0, 0, 0, 0, 0, 0)
	(0, 0, 1, 0, 1, 0, 0, 0, 0, 0, 0)
	(0, 0, 1, 0, 1, 0, 0, 0, 0, 0, 0)
	(0, 0, 1, 0, 1, 0, 0, 0, 0, 0, 0)
	(0, 0, 1, 0, 1, 0, 0, 0, 0, 0, 0)
	(1, 0, 1, 0, 1, 0, 0, 0, 1, 0, 0)
	(1, 0, 1, 0, 1, 0, 0, 0, 1, 0, 0)
	(1, 0, 1, 0, 1, 0, 0, 0, 1, 0, 0)
	(1, 0, 1, 0, 1, 0, 0, 0, 1, 0, 0)
	(1, 0, 1, 0, 1, 0, 0, 0, 1, 0, 0)
	(0, 0, 1, 0, 1, 0, 0, 0, 1, 0, 0)
	(0, 0, 1, 0, 1, 0, 0, 0, 1, 0, 0)
	(0, 0, 1, 0, 1, 0, 0, 0, 1, 0, 0)
	(0, 0, 1, 0, 1, 0, 0, 0, 1, 0, 0)
	(0, 0, 1, 0, 1, 0, 0, 0, 1, 0, 0)
	(0, 0, 1, 0, 1, 0, 0, 0, 1, 0, 0)
	(0, 0, 1, 0, 1, 0, 0, 0, 1, 0, 0)
	(0, 0, 1, 0, 1, 0, 0, 0, 1, 0, 0)
	(0, 0, 1, 0, 1, 0, 0, 0, 1, 0, 0)
	(0, 0, 0, 0, 1, 0, 0, 0, 1, 0, 0)
	(0, 0, 0, 0, 1, 0, 0, 0, 1, 0, 0)
	(0, 0, 0, 0, 1, 0, 0, 0, 1, 0, 0)
	(0, 0, 0, 0, 1, 0, 0, 0, 1, 0, 0)
	(0, 0, 0, 0, 1, 0, 0, 0, 1, 0, 0)
	(0, 0, 0, 0, 1, 0, 0, 0, 1, 0, 0)
	(0, 0, 0, 0, 1, 0, 0, 0, 1, 0, 0)
	(0, 0, 0, 0, 1, 0, 0, 0, 1, 0, 0)
	(0, 0, 0, 0, 1, 0, 0, 0, 1, 0, 0)
	(0, 0, 0, 0, 1, 0, 0, 0, 1, 0, 0)
	(0, 0, 0, 0, 1, 0, 0, 0, 1, 0, 0)
	(0, 0, 0, 0, 0, 1, 0, 0, 1, 0, 0)
	(0, 0, 0, 0, 0, 1, 0, 0, 1, 0, 0)
	(0, 0, 0, 0, 0, 1, 0, 0, 1, 0, 0)
	(0, 0, 0, 0, 0, 1, 0, 0, 0, 0, 0)
	(0, 0, 0, 0, 0, 1, 0, 0, 0, 0, 0)
	(0, 0, 1, 0, 1, 0, 0, 0, 0, 0, 0)
	(0, 0, 1, 0, 1, 0, 0, 0, 0, 0, 0)
	(0, 0, 1, 0, 1, 0, 0, 0, 0, 0, 0)
	(0, 0, 1, 0, 1, 0, 0, 0, 0, 0, 0)
	(0, 0, 1, 0, 1, 0, 0, 0, 0, 0, 0)
	(0, 0, 1, 0, 1, 0, 0, 0, 0, 0, 0)
	(1, 0, 0, 0, 1, 0, 0, 0, 0, 0, 0)
	(1, 0, 0, 0, 1, 0, 0, 0, 0, 0, 0)
	(1, 0, 0, 0, 1, 0, 0, 0, 0, 0, 0)
	(1, 0, 0, 0, 1, 0, 0, 0, 0, 0, 0)
	(1, 0, 0, 0, 1, 0, 0, 0, 0, 0, 0)
	(1, 0, 0, 0, 1, 0, 0, 0, 0, 0, 0)
	(1, 0, 0, 0, 1, 0, 0, 0, 0, 0, 0)
	(1, 0, 0, 0, 1, 0, 0, 0, 0, 0, 0)
	(1, 0, 0, 0, 1, 0, 0, 0, 0, 0, 0)
	(1, 0, 0, 0, 1, 0, 0, 0, 0, 0, 0)
	(1, 0, 0, 0, 1, 0, 0, 0, 0, 0, 0)
	(1, 0, 0, 0, 1, 0, 0, 0, 0, 0, 0)
	(1, 0, 0, 0, 1, 0, 0, 0, 0, 0, 0)
	(1, 0, 0, 0, 1, 0, 0, 0, 0, 0, 0)
	(1, 0, 0, 0, 1, 0, 0, 0, 0, 0, 0)
	(1, 0, 0, 0, 1, 0, 0, 0, 0, 0, 0)
	(1, 0, 0, 0, 1, 0, 0, 0, 0, 0, 0)
	(1, 0, 0, 0, 1, 0, 0, 0, 0, 0, 0)
	(1, 0, 0, 0, 1, 0, 0, 0, 0, 0, 0)
	(1, 0, 0, 0, 1, 0, 0, 0, 0, 0, 0)
	(1, 0, 0, 0, 1, 0, 0, 0, 0, 0, 0)
	(1, 0, 0, 0, 1, 0, 0, 0, 0, 0, 1)
('all', (57, 20), (57, 50)):
	(1, 0, 0, 0, 0, 0, 1, 0, 0, 1, 0)
	(0, 0, 0, 0, 0, 1, 0, 0, 0, 1, 0)
	(0, 0, 0, 0, 0, 1, 0, 0, 0, 1, 0)
	(0, 0, 0, 0, 0, 1, 0, 0, 0, 1, 0)
	(0, 0, 0, 0, 1, 0, 0, 0, 0, 1, 0)
	(0, 0, 1, 0, 1, 0, 0, 0, 0, 1, 0)
	(0, 0, 1, 0, 1, 0, 0, 0, 0, 1, 0)
	(0, 0, 0, 0, 1, 0, 0, 0, 0, 1, 0)
	(0, 0, 0, 0, 1, 0, 0, 0, 0, 1, 0)
	(0, 0, 0, 0, 1, 0, 0, 0, 0, 1, 0)
	(0, 0, 0, 0, 1, 0, 0, 0, 0, 1, 0)
	(0, 0, 0, 0, 1, 0, 0, 0, 0, 1, 0)
	(1, 0, 0, 0, 1, 0, 0, 0, 0, 0, 0)
	(1, 0, 0, 0, 1, 0, 0, 0, 0, 0, 0)
	(1, 0, 0, 0, 1, 0, 0, 0, 0, 0, 0)
	(1, 0, 0, 0, 1, 0, 0, 0, 1, 0, 0)
	(1, 0, 0, 0, 1, 0, 0, 0, 0, 0, 0)
	(1, 0, 0, 0, 1, 0, 0, 0, 0, 0, 0)
	(1, 0, 0, 0, 1, 0, 0, 0, 0, 0, 0)
	(1, 0, 0, 0, 1, 0, 0, 0, 0, 0, 0)
	(1, 0, 0, 0, 1, 0, 0, 0, 0, 0, 0)
	(1, 0, 0, 0, 1, 0, 0, 0, 0, 0, 0)
	(1, 0, 0, 0, 1, 0, 0, 0, 0, 0, 0)
	(1, 0, 0, 0, 1, 0, 0, 0, 0, 0, 0)
	(1, 0, 0, 0, 1, 0, 0, 0, 0, 0, 0)
	(1, 0, 0, 0, 1, 0, 0, 0, 0, 0, 0)
	(1, 0, 0, 0, 1, 0, 0, 0, 0, 0, 0)
	(1, 0, 0, 0, 1, 0, 0, 0, 0, 0, 0)
	(1, 0, 0, 0, 1, 0, 0, 0, 0, 0, 0)
	(1, 0, 0, 0, 1, 0, 0, 0, 0, 0, 0)
	(1, 0, 0, 0, 1, 0, 0, 0, 1, 0, 1)
('all', (180, 47), (180, 147)):
	(1, 0, 0, 0, 0, 0, 0, 1, 0, 0, 0)
	(0, 0, 0, 0, 0, 0, 0, 1, 0, 0, 0)
	(0, 0, 0, 0, 0, 0, 0, 1, 0, 0, 0)
	(0, 0, 0, 0, 0, 0, 1, 0, 1, 0, 0)
	(0, 0, 0, 0, 0, 0, 1, 0, 1, 0, 0)
	(0, 0, 0, 0, 0, 0, 1, 0, 1, 0, 0)
	(0, 0, 0, 0, 0, 0, 1, 0, 1, 0, 0)
	(0, 0, 0, 0, 0, 0, 1, 0, 1, 0, 0)
	(0, 0, 0, 0, 0, 1, 0, 0, 1, 0, 0)
	(0, 0, 0, 0, 0, 1, 0, 0, 1, 0, 0)
	(0, 0, 0, 0, 0, 1, 0, 0, 1, 0, 0)
	(0, 0, 0, 0, 1, 0, 0, 0, 0, 0, 0)
	(0, 0, 1, 0, 1, 0, 0, 0, 0, 0, 0)
	(1, 0, 1, 0, 1, 0, 0, 0, 1, 0, 0)
	(1, 0, 1, 0, 1, 0, 0, 0, 1, 0, 0)
	(1, 0, 1, 0, 1, 0, 0, 0, 1, 0, 0)
	(1, 0, 1, 0, 1, 0, 0, 0, 1, 0, 0)
	(1, 0, 1, 0, 1, 0, 0, 0, 1, 0, 0)
	(1, 0, 1, 0, 1, 0, 0, 0, 1, 0, 0)
	(1, 0, 1, 0, 1, 0, 0, 0, 1, 0, 0)
	(1, 0, 0, 0, 1, 0, 0, 0, 1, 0, 0)
	(1, 0, 0, 0, 1, 0, 0, 0, 1, 0, 0)
	(1, 0, 0, 0, 1, 0, 0, 0, 1, 0, 0)
	(1, 0, 0, 0, 1, 0, 0, 0, 1, 0, 0)
	(1, 0, 0, 0, 1, 0, 0, 0, 1, 0, 0)
	(1, 0, 0, 0, 1, 0, 0, 0, 1, 0, 0)
	(1, 0, 0, 0, 1, 0, 0, 0, 1, 0, 0)
	(1, 0, 0, 0, 1, 0, 0, 0, 1, 0, 0)
	(1, 0, 0, 0, 1, 0, 0, 0, 1, 0, 0)
	(1, 0, 0, 0, 1, 0, 0, 0, 1, 0, 0)
	(1, 0, 0, 0, 1, 0, 0, 0, 1, 0, 0)
	(1, 0, 0, 0, 1, 0, 0, 0, 1, 0, 0)
	(1, 0, 0, 0, 1, 0, 0, 0, 1, 0, 0)
	(1, 0, 0, 0, 1, 0, 0, 0, 1, 0, 0)
	(1, 0, 0, 0, 1, 0, 0, 0, 1, 0, 0)
	(1, 0, 0, 0, 1, 0, 0, 0, 1, 0, 0)
	(1, 0, 0, 0, 1, 0, 0, 0, 1, 0, 0)
	(1, 0, 0, 0, 1, 0, 0, 0, 1, 0, 0)
	(1, 0, 0, 0, 1, 0, 0, 0, 1, 0, 0)
	(1, 0, 0, 0, 1, 0, 0, 0, 1, 0, 0)
	(1, 0, 0, 0, 1, 0, 0, 0, 1, 0, 0)
	(1, 0, 0, 0, 1, 0, 0, 0, 1, 0, 0)
	(1, 0, 0, 0, 1, 0, 0, 0, 1, 0, 0)
	(1, 0, 0, 0, 1, 0, 0, 0, 1, 0, 0)
	(1, 0, 0, 0, 1, 0, 0, 0, 1, 0, 0)
	(1, 0, 0, 0, 1, 0, 0, 0, 1, 0, 0)
	(1, 0, 0, 0, 1, 0, 0, 0, 1, 0, 0)
	(1, 0, 0, 0, 1, 0, 0, 0, 1, 0, 0)
	(1, 0, 0, 0, 1, 0, 0, 0, 1, 0, 0)
	(1, 0, 0, 0, 1, 0, 0, 0, 1, 0, 0)
	(1, 0, 0, 0, 1, 0, 0, 0, 1, 0, 0)
	(1, 0, 0, 0, 1, 0, 0, 0, 1, 0, 0)
	(1, 0, 0, 0, 1, 0, 0, 0, 1, 0, 0)
	(1, 0, 0, 0, 1, 0, 0, 0, 1, 0, 0)
	(1, 0, 0, 0, 1, 0, 0, 0, 1, 0, 0)
	(1, 0, 0, 0, 1, 0, 0, 0, 1, 0, 0)
	(1, 0, 0, 0, 1, 0, 0, 0, 1, 0, 0)
	(1, 0, 0, 0, 1, 0, 0, 0, 1, 0, 0)
	(1, 0, 0, 0, 1, 0, 0, 0, 1, 0, 0)
	(1, 0, 0, 0, 1, 0, 0, 0, 1, 0, 0)
	(1, 0, 0, 0, 1, 0, 0, 0, 1, 0, 0)
	(1, 0, 0, 0, 1, 0, 0, 0, 1, 0, 0)
	(1, 0, 0, 0, 1, 0, 0, 0, 1, 0, 0)
	(1, 0, 0, 0, 1, 0, 0, 0, 1, 0, 0)
	(1, 0, 0, 0, 1, 0, 0, 0, 1, 0, 0)
	(1, 0, 0, 0, 1, 0, 0, 0, 1, 0, 0)
	(1, 0, 0, 0, 1, 0, 0, 0, 1, 0, 0)
	(1, 0, 0, 0, 1, 0, 0, 0, 1, 0, 0)
	(1, 0, 0, 0, 1, 0, 0, 0, 1, 0, 0)
	(0, 0, 0, 0, 1, 0, 0, 0, 1, 0, 0)
	(0, 0, 0, 0, 1, 0, 0, 0, 1, 0, 0)
	(0, 0, 0, 0, 1, 0, 0, 0, 1, 0, 0)
	(0, 0, 0, 0, 1, 0, 0, 0, 1, 0, 0)
	(0, 0, 0, 0, 0, 1, 0, 0, 1, 0, 0)
	(0, 0, 0, 0, 0, 1, 0, 0, 1, 0, 0)
	(0, 0, 0, 0, 0, 1, 0, 0, 1, 0, 0)
	(0, 0, 0, 0, 0, 1, 0, 0, 1, 0, 0)
	(0, 0, 0, 0, 0, 1, 0, 0, 1, 0, 0)
	(0, 0, 0, 0, 0, 1, 0, 0, 1, 0, 0)
	(0, 0, 0, 0, 0, 1, 0, 0, 1, 0, 0)
	(0, 0, 0, 0, 1, 0, 0, 0, 1, 0, 0)
	(0, 0, 0, 0, 1, 0, 0, 0, 0, 0, 0)
	(0, 0, 0, 0, 1, 0, 0, 0, 0, 0, 0)
	(0, 0, 0, 0, 1, 0, 0, 0, 0, 1, 0)
	(1, 0, 0, 0, 1, 0, 0, 0, 0, 0, 0)
	(1, 0, 0, 0, 1, 0, 0, 0, 0, 0, 0)
	(1, 0, 0, 0, 1, 0, 0, 0, 0, 0, 0)
	(1, 0, 0, 0, 1, 0, 0, 0, 0, 0, 0)
	(1, 0, 0, 0, 1, 0, 0, 0, 0, 0, 0)
	(1, 0, 0, 0, 1, 0, 0, 0, 0, 0, 0)
	(1, 0, 0, 0, 1, 0, 0, 0, 0, 0, 0)
	(1, 0, 0, 0, 1, 0, 0, 0, 0, 0, 0)
	(1, 0, 0, 0, 1, 0, 0, 0, 0, 0, 0)
	(1, 0, 0, 0, 1, 0, 0, 0, 1, 0, 0)
	(1, 0, 0, 0, 1, 0, 0, 0, 0, 0, 0)
	(1, 0, 0, 0, 1, 0, 0, 0, 0, 0, 0)
	(1, 0, 0, 0, 1, 0, 0, 0, 0, 1, 0)
	(1, 0, 0, 0, 1, 0, 0, 0, 0, 1, 0)
	(1, 0, 0, 0, 1, 0, 0, 0, 0, 1, 0)
	(1, 0, 1, 0, 1, 0, 0, 0, 0, 1, 0)
	(1, 0, 1, 0, 1, 0, 0, 0, 0, 0, 1)
