('all', (271, 27), (271, 47)):
	(0, 0, 0, 1, 0, 0, 0, 1, 1, 0, 0)
	(0, 0, 0, 1, 0, 0, 0, 1, 0, 0, 0)
	(0, 0, 0, 1, 0, 0, 0, 1, 1, 0, 0)
	(0, 0, 0, 1, 0, 0, 0, 1, 1, 0, 0)
	(0, 0, 0, 1, 0, 0, 0, 1, 1, 0, 0)
	(0, 0, 0, 1, 0, 0, 0, 1, 1, 0, 0)
	(0, 0, 0, 1, 0, 0, 0, 1, 1, 0, 0)
	(0, 0, 0, 1, 0, 0, 0, 1, 1, 0, 0)
	(0, 0, 0, 1, 0, 0, 0, 1, 1, 0, 0)
	(0, 0, 0, 1, 0, 0, 0, 1, 1, 0, 0)
	(0, 0, 0, 1, 0, 0, 0, 1, 1, 0, 0)
	(0, 0, 0, 1, 0, 0, 0, 1, 1, 0, 0)
	(0, 0, 0, 1, 0, 0, 0, 1, 1, 0, 0)
	(0, 0, 0, 1, 0, 0, 0, 1, 1, 0, 0)
	(0, 0, 0, 1, 0, 0, 0, 1, 1, 0, 0)
	(0, 0, 0, 1, 0, 0, 0, 1, 1, 0, 0)
	(0, 0, 0, 1, 0, 0, 0, 1, 1, 0, 0)
	(0, 0, 0, 1, 0, 0, 0, 1, 1, 0, 0)
	(0, 0, 0, 1, 0, 0, 0, 1, 1, 0, 0)
	(0, 0, 0, 1, 0, 0, 0, 1, 1, 0, 0)
	(0, 0, 0, 1, 0, 0, 0, 1, 1, 0, 0)
('all', (224, 54), (224, 74)):
	(0, 0, 0, 1, 0, 0, 0, 1, 0, 1, 0)
	(0, 0, 0, 1, 0, 0, 0, 1, 0, 1, 0)
	(0, 0, 0, 0, 0, 0, 0, 1, 0, 1, 0)
	(0, 0, 0, 0, 0, 0, 0, 1, 0, 1, 0)
	(0, 0, 0, 1, 0, 0, 0, 1, 0, 1, 0)
	(0, 0, 0, 0, 0, 0, 0, 1, 0, 1, 0)
	(0, 0, 0, 0, 0, 0, 0, 1, 0, 1, 0)
	(0, 0, 0, 0, 0, 0, 0, 1, 0, 0, 0)
	(0, 0, 0, 0, 0, 0, 0, 1, 0, 0, 0)
	(0, 0, 0, 0, 0, 0, 0, 1, 0, 0, 0)
	(0, 0, 0, 0, 0, 0, 0, 1, 0, 0, 0)
	(0, 0, 0, 0, 0, 0, 0, 1, 0, 0, 0)
	(0, 0, 0, 0, 0, 0, 0, 1, 0, 0, 0)
	(0, 0, 0, 0, 0, 0, 0, 1, 0, 0, 0)
	(0, 0, 0, 0, 0, 0, 0, 1, 0, 0, 0)
	(0, 0, 0, 0, 0, 0, 0, 1, 0, 0, 0)
	(0, 0, 0, 0, 0, 0, 0, 1, 0, 0, 0)
	(0, 0, 0, 0, 0, 0, 0, 1, 0, 0, 0)
	(0, 0, 0, 0, 0, 0, 0, 1, 0, 0, 0)
	(1, 0, 0, 0, 0, 0, 0, 1, 0, 0, 0)
	(0, 0, 0, 0, 0, 0, 0, 1, 0, 1, 0)
('all', (304, 83), (304, 103)):
	(0, 0, 0, 1, 0, 0, 0, 1, 1, 0, 0)
	(0, 0, 0, 1, 0, 0, 0, 1, 0, 0, 0)
	(0, 0, 0, 1, 0, 0, 0, 1, 1, 0, 0)
	(0, 0, 0, 1, 0, 0, 0, 1, 0, 0, 0)
	(0, 0, 0, 1, 0, 0, 0, 1, 1, 0, 0)
	(0, 0, 0, 1, 0, 0, 0, 1, 0, 0, 0)
	(0, 0, 0, 0, 0, 0, 0, 1, 1, 0, 0)
	(0, 0, 0, 0, 0, 0, 0, 1, 0, 0, 0)
	(0, 0, 0, 0, 0, 0, 0, 1, 1, 0, 0)
	(0, 0, 0, 0, 0, 0, 0, 1, 0, 0, 0)
	(0, 0, 0, 0, 0, 0, 0, 1, 1, 0, 0)
	(0, 0, 0, 0, 0, 0, 0, 1, 0, 0, 0)
	(0, 0, 0, 0, 0, 0, 0, 1, 1, 0, 0)
	(0, 0, 0, 0, 0, 0, 0, 1, 0, 0, 0)
	(0, 0, 0, 0, 0, 0, 0, 1, 1, 0, 0)
	(0, 0, 0, 0, 0, 0, 0, 1, 1, 0, 0)
	(0, 0, 0, 0, 0, 0, 0, 1, 1, 0, 0)
	(0, 0, 0, 0, 0, 0, 0, 1, 1, 0, 0)
	(0, 0, 0, 0, 0, 0, 0, 1, 0, 0, 0)
	(0, 0, 0, 0, 0, 0, 0, 1, 1, 0, 0)
	(0, 0, 0, 0, 0, 0, 0, 1, 0, 0, 0)
('all', (315, 18), (315, 38)):
	(0, 0, 0, 1, 0, 0, 0, 1, 1, 0, 0)
	(0, 0, 0, 1, 0, 0, 0, 1, 1, 0, 0)
	(0, 0, 0, 1, 0, 0, 0, 1, 0, 0, 0)
	(0, 0, 0, 0, 0, 0, 0, 1, 0, 0, 0)
	(0, 0, 0, 0, 0, 0, 0, 1, 0, 0, 0)
	(0, 0, 0, 0, 0, 0, 0, 1, 0, 0, 0)
	(0, 0, 0, 0, 0, 0, 0, 1, 0, 0, 0)
	(0, 0, 0, 0, 0, 0, 0, 1, 0, 0, 0)
	(0, 0, 0, 0, 0, 0, 0, 1, 0, 0, 0)
	(0, 0, 0, 0, 0, 0, 0, 1, 0, 1, 0)
	(0, 0, 0, 0, 0, 0, 0, 1, 0, 1, 0)
	(0, 0, 0, 0, 0, 0, 0, 1, 0, 1, 0)
	(0, 0, 0, 0, 0, 0, 0, 1, 0, 1, 0)
	(0, 0, 0, 0, 0, 0, 0, 1, 0, 1, 0)
	(0, 0, 0, 0, 0, 0, 0, 1, 0, 1, 0)
	(0, 0, 0, 0, 0, 0, 0, 1, 0, 1, 0)
	(0, 0, 0, 1, 0, 0, 0, 1, 0, 1, 0)
	(0, 0, 0, 1, 0, 0, 0, 1, 0, 0, 0)
	(0, 0, 0, 0, 0, 0, 0, 1, 0, 0, 0)
	(0, 0, 0, 0, 0, 0, 0, 1, 1, 0, 0)
	(0, 0, 0, 0, 0, 0, 0, 1, 0, 0, 0)
